Core, 0
Cumulative Cycles, 4792248             
Cumulative Instructions, 20000000            
Cumulative IPC, 4.17341
Periodic Cycles, 2392506             
Periodic Instructions, 10000000            
Periodic IPC, 4.17972

BTB_ON_PATH_MISS_count,        839212
BTB_ON_PATH_MISS_pct,       66.626
BTB_ON_PATH_MISS_total_count,       1678642
BTB_ON_PATH_MISS_total_pct,       66.626

BTB_ON_PATH_HIT_count,        420380
BTB_ON_PATH_HIT_pct,       33.374
BTB_ON_PATH_HIT_total_count,        840870
BTB_ON_PATH_HIT_total_pct,       33.374
BTB_ON_PATH_HIT_sum_count,       1259592
BTB_ON_PATH_HIT_sum_pct,      100.000
BTB_ON_PATH_HIT_sum_total_count,       2519512
BTB_ON_PATH_HIT_sum_total_pct,      100.000
BTB_ON_PATH_HIT_mean,         0.33
BTB_ON_PATH_HIT_stddev,         0.43
BTB_ON_PATH_HIT_total_mean,         0.33
BTB_ON_PATH_HIT_total_stddev,         0.43

BTB_OFF_PATH_MISS_count,           979
BTB_OFF_PATH_MISS_pct,       45.790
BTB_OFF_PATH_MISS_total_count,          2450
BTB_OFF_PATH_MISS_total_pct,       51.601

BTB_OFF_PATH_HIT_count,          1159
BTB_OFF_PATH_HIT_pct,       54.210
BTB_OFF_PATH_HIT_total_count,          2298
BTB_OFF_PATH_HIT_total_pct,       48.399
BTB_OFF_PATH_HIT_sum_count,          2138
BTB_OFF_PATH_HIT_sum_pct,      100.000
BTB_OFF_PATH_HIT_sum_total_count,          4748
BTB_OFF_PATH_HIT_sum_total_pct,      100.000
BTB_OFF_PATH_HIT_mean,         0.54
BTB_OFF_PATH_HIT_stddev,         0.52
BTB_OFF_PATH_HIT_total_mean,         0.48
BTB_OFF_PATH_HIT_total_stddev,         0.49

BTB_ON_PATH_WRITE_count,             2
BTB_ON_PATH_WRITE_pct,       50.000
BTB_ON_PATH_WRITE_total_count,            17
BTB_ON_PATH_WRITE_total_pct,       77.273

BTB_OFF_PATH_WRITE_count,             2
BTB_OFF_PATH_WRITE_pct,       50.000
BTB_OFF_PATH_WRITE_total_count,             5
BTB_OFF_PATH_WRITE_total_pct,       22.727
BTB_OFF_PATH_WRITE_sum_count,             4
BTB_OFF_PATH_WRITE_sum_pct,      100.000
BTB_OFF_PATH_WRITE_sum_total_count,            22
BTB_OFF_PATH_WRITE_sum_total_pct,      100.000
BTB_OFF_PATH_WRITE_mean,         0.50
BTB_OFF_PATH_WRITE_stddev,         0.58
BTB_OFF_PATH_WRITE_total_mean,         0.23
BTB_OFF_PATH_WRITE_total_stddev,         0.39

BP_ON_PATH_CORRECT_count,       1259569
BP_ON_PATH_CORRECT_pct,       99.998
BP_ON_PATH_CORRECT_total_count,       2519452
BP_ON_PATH_CORRECT_total_pct,       99.998

BP_ON_PATH_MISPREDICT_count,            23
BP_ON_PATH_MISPREDICT_pct,        0.002
BP_ON_PATH_MISPREDICT_total_count,            60
BP_ON_PATH_MISPREDICT_total_pct,        0.002

BP_ON_PATH_MISFETCH_count,             0
BP_ON_PATH_MISFETCH_pct,        0.000
BP_ON_PATH_MISFETCH_total_count,             0
BP_ON_PATH_MISFETCH_total_pct,        0.000
BP_ON_PATH_MISFETCH_sum_count,       1259592
BP_ON_PATH_MISFETCH_sum_pct,      100.000
BP_ON_PATH_MISFETCH_sum_total_count,       2519512
BP_ON_PATH_MISFETCH_sum_total_pct,      100.000
BP_ON_PATH_MISFETCH_mean,         0.00
BP_ON_PATH_MISFETCH_stddev,         0.00
BP_ON_PATH_MISFETCH_total_mean,         0.00
BP_ON_PATH_MISFETCH_total_stddev,         0.00

BP_OFF_PATH_CORRECT_count,          2136
BP_OFF_PATH_CORRECT_pct,       99.906
BP_OFF_PATH_CORRECT_total_count,          4739
BP_OFF_PATH_CORRECT_total_pct,       99.810

BP_OFF_PATH_MISPREDICT_count,             2
BP_OFF_PATH_MISPREDICT_pct,        0.094
BP_OFF_PATH_MISPREDICT_total_count,             9
BP_OFF_PATH_MISPREDICT_total_pct,        0.190

BP_OFF_PATH_MISFETCH_count,             0
BP_OFF_PATH_MISFETCH_pct,        0.000
BP_OFF_PATH_MISFETCH_total_count,             0
BP_OFF_PATH_MISFETCH_total_pct,        0.000
BP_OFF_PATH_MISFETCH_sum_count,          2138
BP_OFF_PATH_MISFETCH_sum_pct,      100.000
BP_OFF_PATH_MISFETCH_sum_total_count,          4748
BP_OFF_PATH_MISFETCH_sum_total_pct,      100.000
BP_OFF_PATH_MISFETCH_mean,         0.00
BP_OFF_PATH_MISFETCH_stddev,         0.03
BP_OFF_PATH_MISFETCH_total_mean,         0.00
BP_OFF_PATH_MISFETCH_total_stddev,         0.04

LATE_BP_ON_PATH_CORRECT_count,       1259592
LATE_BP_ON_PATH_CORRECT_pct,      100.000
LATE_BP_ON_PATH_CORRECT_total_count,       2519512
LATE_BP_ON_PATH_CORRECT_total_pct,      100.000

LATE_BP_ON_PATH_MISPREDICT_count,             0
LATE_BP_ON_PATH_MISPREDICT_pct,        0.000
LATE_BP_ON_PATH_MISPREDICT_total_count,             0
LATE_BP_ON_PATH_MISPREDICT_total_pct,        0.000

LATE_BP_ON_PATH_MISFETCH_count,             0
LATE_BP_ON_PATH_MISFETCH_pct,        0.000
LATE_BP_ON_PATH_MISFETCH_total_count,             0
LATE_BP_ON_PATH_MISFETCH_total_pct,        0.000
LATE_BP_ON_PATH_MISFETCH_sum_count,       1259592
LATE_BP_ON_PATH_MISFETCH_sum_pct,      100.000
LATE_BP_ON_PATH_MISFETCH_sum_total_count,       2519512
LATE_BP_ON_PATH_MISFETCH_sum_total_pct,      100.000
LATE_BP_ON_PATH_MISFETCH_mean,         0.00
LATE_BP_ON_PATH_MISFETCH_stddev,         0.00
LATE_BP_ON_PATH_MISFETCH_total_mean,         0.00
LATE_BP_ON_PATH_MISFETCH_total_stddev,         0.00

LATE_BP_OFF_PATH_CORRECT_count,          2138
LATE_BP_OFF_PATH_CORRECT_pct,      100.000
LATE_BP_OFF_PATH_CORRECT_total_count,          4748
LATE_BP_OFF_PATH_CORRECT_total_pct,      100.000

LATE_BP_OFF_PATH_MISPREDICT_count,             0
LATE_BP_OFF_PATH_MISPREDICT_pct,        0.000
LATE_BP_OFF_PATH_MISPREDICT_total_count,             0
LATE_BP_OFF_PATH_MISPREDICT_total_pct,        0.000

LATE_BP_OFF_PATH_MISFETCH_count,             0
LATE_BP_OFF_PATH_MISFETCH_pct,        0.000
LATE_BP_OFF_PATH_MISFETCH_total_count,             0
LATE_BP_OFF_PATH_MISFETCH_total_pct,        0.000
LATE_BP_OFF_PATH_MISFETCH_sum_count,          2138
LATE_BP_OFF_PATH_MISFETCH_sum_pct,      100.000
LATE_BP_OFF_PATH_MISFETCH_sum_total_count,          4748
LATE_BP_OFF_PATH_MISFETCH_sum_total_pct,      100.000
LATE_BP_OFF_PATH_MISFETCH_mean,         0.00
LATE_BP_OFF_PATH_MISFETCH_stddev,         0.00
LATE_BP_OFF_PATH_MISFETCH_total_mean,         0.00
LATE_BP_OFF_PATH_MISFETCH_total_stddev,         0.00

BP_ON_PATH_CONF_PVN_count,             0
BP_ON_PATH_CONF_PVN_pct,         -nan
BP_ON_PATH_CONF_PVN_total_count,             0
BP_ON_PATH_CONF_PVN_total_pct,         -nan

BP_ON_PATH_CONF_PVN_BOT_count,             0
BP_ON_PATH_CONF_PVN_BOT_pct,         -nan
BP_ON_PATH_CONF_PVN_BOT_total_count,             0
BP_ON_PATH_CONF_PVN_BOT_total_pct,         -nan
BP_ON_PATH_CONF_PVN_BOT_sum_count,             0
BP_ON_PATH_CONF_PVN_BOT_sum_pct,         -nan
BP_ON_PATH_CONF_PVN_BOT_sum_total_count,             0
BP_ON_PATH_CONF_PVN_BOT_sum_total_pct,         -nan
BP_ON_PATH_CONF_PVN_BOT_mean,         -nan
BP_ON_PATH_CONF_PVN_BOT_stddev,         -nan
BP_ON_PATH_CONF_PVN_BOT_total_mean,         -nan
BP_ON_PATH_CONF_PVN_BOT_total_stddev,         -nan

BP_ON_PATH_CONF_PVP_count,             0
BP_ON_PATH_CONF_PVP_pct,         -nan
BP_ON_PATH_CONF_PVP_total_count,             0
BP_ON_PATH_CONF_PVP_total_pct,         -nan

BP_ON_PATH_CONF_PVP_BOT_count,             0
BP_ON_PATH_CONF_PVP_BOT_pct,         -nan
BP_ON_PATH_CONF_PVP_BOT_total_count,             0
BP_ON_PATH_CONF_PVP_BOT_total_pct,         -nan
BP_ON_PATH_CONF_PVP_BOT_sum_count,             0
BP_ON_PATH_CONF_PVP_BOT_sum_pct,         -nan
BP_ON_PATH_CONF_PVP_BOT_sum_total_count,             0
BP_ON_PATH_CONF_PVP_BOT_sum_total_pct,         -nan
BP_ON_PATH_CONF_PVP_BOT_mean,         -nan
BP_ON_PATH_CONF_PVP_BOT_stddev,         -nan
BP_ON_PATH_CONF_PVP_BOT_total_mean,         -nan
BP_ON_PATH_CONF_PVP_BOT_total_stddev,         -nan

BP_ON_PATH_CONF_SPEC_count,             0
BP_ON_PATH_CONF_SPEC_pct,         -nan
BP_ON_PATH_CONF_SPEC_total_count,             0
BP_ON_PATH_CONF_SPEC_total_pct,         -nan

BP_ON_PATH_CONF_SPEC_BOT_count,             0
BP_ON_PATH_CONF_SPEC_BOT_pct,         -nan
BP_ON_PATH_CONF_SPEC_BOT_total_count,             0
BP_ON_PATH_CONF_SPEC_BOT_total_pct,         -nan
BP_ON_PATH_CONF_SPEC_BOT_sum_count,             0
BP_ON_PATH_CONF_SPEC_BOT_sum_pct,         -nan
BP_ON_PATH_CONF_SPEC_BOT_sum_total_count,             0
BP_ON_PATH_CONF_SPEC_BOT_sum_total_pct,         -nan
BP_ON_PATH_CONF_SPEC_BOT_mean,         -nan
BP_ON_PATH_CONF_SPEC_BOT_stddev,         -nan
BP_ON_PATH_CONF_SPEC_BOT_total_mean,         -nan
BP_ON_PATH_CONF_SPEC_BOT_total_stddev,         -nan

CRS_MISS_ON_PATH_count,             0
CRS_MISS_ON_PATH_pct,         -nan
CRS_MISS_ON_PATH_total_count,             0
CRS_MISS_ON_PATH_total_pct,         -nan

CRS_HIT_ON_PATH_count,             0
CRS_HIT_ON_PATH_pct,         -nan
CRS_HIT_ON_PATH_total_count,             0
CRS_HIT_ON_PATH_total_pct,         -nan
CRS_HIT_ON_PATH_sum_count,             0
CRS_HIT_ON_PATH_sum_pct,         -nan
CRS_HIT_ON_PATH_sum_total_count,             0
CRS_HIT_ON_PATH_sum_total_pct,         -nan
CRS_HIT_ON_PATH_mean,         -nan
CRS_HIT_ON_PATH_stddev,         -nan
CRS_HIT_ON_PATH_total_mean,         -nan
CRS_HIT_ON_PATH_total_stddev,         -nan

CRS_MISS_OFF_PATH_count,             0
CRS_MISS_OFF_PATH_pct,         -nan
CRS_MISS_OFF_PATH_total_count,             0
CRS_MISS_OFF_PATH_total_pct,         -nan

CRS_HIT_OFF_PATH_count,             0
CRS_HIT_OFF_PATH_pct,         -nan
CRS_HIT_OFF_PATH_total_count,             0
CRS_HIT_OFF_PATH_total_pct,         -nan
CRS_HIT_OFF_PATH_sum_count,             0
CRS_HIT_OFF_PATH_sum_pct,         -nan
CRS_HIT_OFF_PATH_sum_total_count,             0
CRS_HIT_OFF_PATH_sum_total_pct,         -nan
CRS_HIT_OFF_PATH_mean,         -nan
CRS_HIT_OFF_PATH_stddev,         -nan
CRS_HIT_OFF_PATH_total_mean,         -nan
CRS_HIT_OFF_PATH_total_stddev,         -nan

CRS_CLOBBER_count,             0
CRS_CLOBBER_total_count,             0

TARG_ON_PATH_MISS_count,             0
TARG_ON_PATH_MISS_pct,         -nan
TARG_ON_PATH_MISS_total_count,             0
TARG_ON_PATH_MISS_total_pct,         -nan

TARG_ON_PATH_HIT_count,             0
TARG_ON_PATH_HIT_pct,         -nan
TARG_ON_PATH_HIT_total_count,             0
TARG_ON_PATH_HIT_total_pct,         -nan
TARG_ON_PATH_HIT_sum_count,             0
TARG_ON_PATH_HIT_sum_pct,         -nan
TARG_ON_PATH_HIT_sum_total_count,             0
TARG_ON_PATH_HIT_sum_total_pct,         -nan
TARG_ON_PATH_HIT_mean,         -nan
TARG_ON_PATH_HIT_stddev,         -nan
TARG_ON_PATH_HIT_total_mean,         -nan
TARG_ON_PATH_HIT_total_stddev,         -nan

TARG_OFF_PATH_MISS_count,             0
TARG_OFF_PATH_MISS_pct,         -nan
TARG_OFF_PATH_MISS_total_count,             0
TARG_OFF_PATH_MISS_total_pct,         -nan

TARG_OFF_PATH_HIT_count,             0
TARG_OFF_PATH_HIT_pct,         -nan
TARG_OFF_PATH_HIT_total_count,             0
TARG_OFF_PATH_HIT_total_pct,         -nan
TARG_OFF_PATH_HIT_sum_count,             0
TARG_OFF_PATH_HIT_sum_pct,         -nan
TARG_OFF_PATH_HIT_sum_total_count,             0
TARG_OFF_PATH_HIT_sum_total_pct,         -nan
TARG_OFF_PATH_HIT_mean,         -nan
TARG_OFF_PATH_HIT_stddev,         -nan
TARG_OFF_PATH_HIT_total_mean,         -nan
TARG_OFF_PATH_HIT_total_stddev,         -nan

TARG_ON_PATH_WRITE_count,             0
TARG_ON_PATH_WRITE_pct,         -nan
TARG_ON_PATH_WRITE_total_count,             0
TARG_ON_PATH_WRITE_total_pct,         -nan

TARG_OFF_PATH_WRITE_count,             0
TARG_OFF_PATH_WRITE_pct,         -nan
TARG_OFF_PATH_WRITE_total_count,             0
TARG_OFF_PATH_WRITE_total_pct,         -nan
TARG_OFF_PATH_WRITE_sum_count,             0
TARG_OFF_PATH_WRITE_sum_pct,         -nan
TARG_OFF_PATH_WRITE_sum_total_count,             0
TARG_OFF_PATH_WRITE_sum_total_pct,         -nan
TARG_OFF_PATH_WRITE_mean,         -nan
TARG_OFF_PATH_WRITE_stddev,         -nan
TARG_OFF_PATH_WRITE_total_mean,         -nan
TARG_OFF_PATH_WRITE_total_stddev,         -nan

TARG_HYBRID_CORRECT_TAGLESS_count,             0
TARG_HYBRID_CORRECT_TAGLESS_pct,         -nan
TARG_HYBRID_CORRECT_TAGLESS_total_count,             0
TARG_HYBRID_CORRECT_TAGLESS_total_pct,         -nan

TARG_HYBRID_CORRECT_TAGGED_count,             0
TARG_HYBRID_CORRECT_TAGGED_pct,         -nan
TARG_HYBRID_CORRECT_TAGGED_total_count,             0
TARG_HYBRID_CORRECT_TAGGED_total_pct,         -nan

TARG_HYBRID_MISPRED_TAGLESS_count,             0
TARG_HYBRID_MISPRED_TAGLESS_pct,         -nan
TARG_HYBRID_MISPRED_TAGLESS_total_count,             0
TARG_HYBRID_MISPRED_TAGLESS_total_pct,         -nan

TARG_HYBRID_MISPRED_TAGGED_count,             0
TARG_HYBRID_MISPRED_TAGGED_pct,         -nan
TARG_HYBRID_MISPRED_TAGGED_total_count,             0
TARG_HYBRID_MISPRED_TAGGED_total_pct,         -nan

TARG_HYBRID_NO_PRED_count,             0
TARG_HYBRID_NO_PRED_pct,         -nan
TARG_HYBRID_NO_PRED_total_count,             0
TARG_HYBRID_NO_PRED_total_pct,         -nan
TARG_HYBRID_NO_PRED_sum_count,             0
TARG_HYBRID_NO_PRED_sum_pct,         -nan
TARG_HYBRID_NO_PRED_sum_total_count,             0
TARG_HYBRID_NO_PRED_sum_total_pct,         -nan
TARG_HYBRID_NO_PRED_mean,         -nan
TARG_HYBRID_NO_PRED_stddev,         -nan
TARG_HYBRID_NO_PRED_total_mean,         -nan
TARG_HYBRID_NO_PRED_total_stddev,         -nan

TARG_VP_INDIRECT_MISPRED_count,             0
TARG_VP_INDIRECT_MISPRED_pct,         -nan
TARG_VP_INDIRECT_MISPRED_total_count,             0
TARG_VP_INDIRECT_MISPRED_total_pct,         -nan

TARG_VP_INDIRECT_NOPRED_count,             0
TARG_VP_INDIRECT_NOPRED_pct,         -nan
TARG_VP_INDIRECT_NOPRED_total_count,             0
TARG_VP_INDIRECT_NOPRED_total_pct,         -nan

TARG_VP_INDIRECT_CORRECT_count,             0
TARG_VP_INDIRECT_CORRECT_pct,         -nan
TARG_VP_INDIRECT_CORRECT_total_count,             0
TARG_VP_INDIRECT_CORRECT_total_pct,         -nan
TARG_VP_INDIRECT_CORRECT_sum_count,             0
TARG_VP_INDIRECT_CORRECT_sum_pct,         -nan
TARG_VP_INDIRECT_CORRECT_sum_total_count,             0
TARG_VP_INDIRECT_CORRECT_sum_total_pct,         -nan
TARG_VP_INDIRECT_CORRECT_mean,         -nan
TARG_VP_INDIRECT_CORRECT_stddev,         -nan
TARG_VP_INDIRECT_CORRECT_total_mean,         -nan
TARG_VP_INDIRECT_CORRECT_total_stddev,         -nan

CBR_ON_PATH_CORRECT_count,       1259569
CBR_ON_PATH_CORRECT_pct,       99.998
CBR_ON_PATH_CORRECT_total_count,       2519452
CBR_ON_PATH_CORRECT_total_pct,       99.998

CBR_ON_PATH_MISPREDICT_count,            23
CBR_ON_PATH_MISPREDICT_pct,        0.002
CBR_ON_PATH_MISPREDICT_total_count,            60
CBR_ON_PATH_MISPREDICT_total_pct,        0.002
CBR_ON_PATH_MISPREDICT_sum_count,       1259592
CBR_ON_PATH_MISPREDICT_sum_pct,      100.000
CBR_ON_PATH_MISPREDICT_sum_total_count,       2519512
CBR_ON_PATH_MISPREDICT_sum_total_pct,      100.000
CBR_ON_PATH_MISPREDICT_mean,         0.00
CBR_ON_PATH_MISPREDICT_stddev,         0.00
CBR_ON_PATH_MISPREDICT_total_mean,         0.00
CBR_ON_PATH_MISPREDICT_total_stddev,         0.00

CBR_OFF_PATH_CORRECT_count,          2136
CBR_OFF_PATH_CORRECT_pct,       99.906
CBR_OFF_PATH_CORRECT_total_count,          4739
CBR_OFF_PATH_CORRECT_total_pct,       99.810

CBR_OFF_PATH_MISPREDICT_count,             2
CBR_OFF_PATH_MISPREDICT_pct,        0.094
CBR_OFF_PATH_MISPREDICT_total_count,             9
CBR_OFF_PATH_MISPREDICT_total_pct,        0.190
CBR_OFF_PATH_MISPREDICT_sum_count,          2138
CBR_OFF_PATH_MISPREDICT_sum_pct,      100.000
CBR_OFF_PATH_MISPREDICT_sum_total_count,          4748
CBR_OFF_PATH_MISPREDICT_sum_total_pct,      100.000
CBR_OFF_PATH_MISPREDICT_mean,         0.00
CBR_OFF_PATH_MISPREDICT_stddev,         0.03
CBR_OFF_PATH_MISPREDICT_total_mean,         0.00
CBR_OFF_PATH_MISPREDICT_total_stddev,         0.04

CBR_ON_PATH_CORRECT_PER1000INST_count,       1259569
CBR_ON_PATH_CORRECT_PER1000INST_pct,       62.978
CBR_ON_PATH_CORRECT_PER1000INST_total_count,       2519452
CBR_ON_PATH_CORRECT_PER1000INST_total_pct,      125.973

CBR_ON_PATH_MISPREDICT_PER1000INST_count,            23
CBR_ON_PATH_MISPREDICT_PER1000INST_pct,        0.001
CBR_ON_PATH_MISPREDICT_PER1000INST_total_count,            60
CBR_ON_PATH_MISPREDICT_PER1000INST_total_pct,        0.003

PRED_TO_UPDATE_CYCLES_0_count,             0
PRED_TO_UPDATE_CYCLES_0_pct,         -nan
PRED_TO_UPDATE_CYCLES_0_total_count,             0
PRED_TO_UPDATE_CYCLES_0_total_pct,         -nan

PRED_TO_UPDATE_CYCLES_1_count,             0
PRED_TO_UPDATE_CYCLES_1_pct,         -nan
PRED_TO_UPDATE_CYCLES_1_total_count,             0
PRED_TO_UPDATE_CYCLES_1_total_pct,         -nan

PRED_TO_UPDATE_CYCLES_2_count,             0
PRED_TO_UPDATE_CYCLES_2_pct,         -nan
PRED_TO_UPDATE_CYCLES_2_total_count,             0
PRED_TO_UPDATE_CYCLES_2_total_pct,         -nan

PRED_TO_UPDATE_CYCLES_3_count,             0
PRED_TO_UPDATE_CYCLES_3_pct,         -nan
PRED_TO_UPDATE_CYCLES_3_total_count,             0
PRED_TO_UPDATE_CYCLES_3_total_pct,         -nan

PRED_TO_UPDATE_CYCLES_4_count,             0
PRED_TO_UPDATE_CYCLES_4_pct,         -nan
PRED_TO_UPDATE_CYCLES_4_total_count,             0
PRED_TO_UPDATE_CYCLES_4_total_pct,         -nan

PRED_TO_UPDATE_CYCLES_5_count,             0
PRED_TO_UPDATE_CYCLES_5_pct,         -nan
PRED_TO_UPDATE_CYCLES_5_total_count,             0
PRED_TO_UPDATE_CYCLES_5_total_pct,         -nan

PRED_TO_UPDATE_CYCLES_6_count,             0
PRED_TO_UPDATE_CYCLES_6_pct,         -nan
PRED_TO_UPDATE_CYCLES_6_total_count,             0
PRED_TO_UPDATE_CYCLES_6_total_pct,         -nan

PRED_TO_UPDATE_CYCLES_7_count,             0
PRED_TO_UPDATE_CYCLES_7_pct,         -nan
PRED_TO_UPDATE_CYCLES_7_total_count,             0
PRED_TO_UPDATE_CYCLES_7_total_pct,         -nan

PRED_TO_UPDATE_CYCLES_8_count,             0
PRED_TO_UPDATE_CYCLES_8_pct,         -nan
PRED_TO_UPDATE_CYCLES_8_total_count,             0
PRED_TO_UPDATE_CYCLES_8_total_pct,         -nan

PRED_TO_UPDATE_CYCLES_9_count,             0
PRED_TO_UPDATE_CYCLES_9_pct,         -nan
PRED_TO_UPDATE_CYCLES_9_total_count,             0
PRED_TO_UPDATE_CYCLES_9_total_pct,         -nan

PRED_TO_UPDATE_CYCLES_10_count,             0
PRED_TO_UPDATE_CYCLES_10_pct,         -nan
PRED_TO_UPDATE_CYCLES_10_total_count,             0
PRED_TO_UPDATE_CYCLES_10_total_pct,         -nan

PRED_TO_UPDATE_CYCLES_11_count,             0
PRED_TO_UPDATE_CYCLES_11_pct,         -nan
PRED_TO_UPDATE_CYCLES_11_total_count,             0
PRED_TO_UPDATE_CYCLES_11_total_pct,         -nan

PRED_TO_UPDATE_CYCLES_12_count,             0
PRED_TO_UPDATE_CYCLES_12_pct,         -nan
PRED_TO_UPDATE_CYCLES_12_total_count,             0
PRED_TO_UPDATE_CYCLES_12_total_pct,         -nan

PRED_TO_UPDATE_CYCLES_13_count,             0
PRED_TO_UPDATE_CYCLES_13_pct,         -nan
PRED_TO_UPDATE_CYCLES_13_total_count,             0
PRED_TO_UPDATE_CYCLES_13_total_pct,         -nan

PRED_TO_UPDATE_CYCLES_14_count,             0
PRED_TO_UPDATE_CYCLES_14_pct,         -nan
PRED_TO_UPDATE_CYCLES_14_total_count,             0
PRED_TO_UPDATE_CYCLES_14_total_pct,         -nan

PRED_TO_UPDATE_CYCLES_15_count,             0
PRED_TO_UPDATE_CYCLES_15_pct,         -nan
PRED_TO_UPDATE_CYCLES_15_total_count,             0
PRED_TO_UPDATE_CYCLES_15_total_pct,         -nan

PRED_TO_UPDATE_CYCLES_16_count,             0
PRED_TO_UPDATE_CYCLES_16_pct,         -nan
PRED_TO_UPDATE_CYCLES_16_total_count,             0
PRED_TO_UPDATE_CYCLES_16_total_pct,         -nan

PRED_TO_UPDATE_CYCLES_17_count,             0
PRED_TO_UPDATE_CYCLES_17_pct,         -nan
PRED_TO_UPDATE_CYCLES_17_total_count,             0
PRED_TO_UPDATE_CYCLES_17_total_pct,         -nan

PRED_TO_UPDATE_CYCLES_18_count,             0
PRED_TO_UPDATE_CYCLES_18_pct,         -nan
PRED_TO_UPDATE_CYCLES_18_total_count,             0
PRED_TO_UPDATE_CYCLES_18_total_pct,         -nan

PRED_TO_UPDATE_CYCLES_19_count,             0
PRED_TO_UPDATE_CYCLES_19_pct,         -nan
PRED_TO_UPDATE_CYCLES_19_total_count,             0
PRED_TO_UPDATE_CYCLES_19_total_pct,         -nan

PRED_TO_UPDATE_CYCLES_20_count,             0
PRED_TO_UPDATE_CYCLES_20_pct,         -nan
PRED_TO_UPDATE_CYCLES_20_total_count,             0
PRED_TO_UPDATE_CYCLES_20_total_pct,         -nan

PRED_TO_UPDATE_CYCLES_21_count,             0
PRED_TO_UPDATE_CYCLES_21_pct,         -nan
PRED_TO_UPDATE_CYCLES_21_total_count,             0
PRED_TO_UPDATE_CYCLES_21_total_pct,         -nan

PRED_TO_UPDATE_CYCLES_22_count,             0
PRED_TO_UPDATE_CYCLES_22_pct,         -nan
PRED_TO_UPDATE_CYCLES_22_total_count,             0
PRED_TO_UPDATE_CYCLES_22_total_pct,         -nan

PRED_TO_UPDATE_CYCLES_23_count,             0
PRED_TO_UPDATE_CYCLES_23_pct,         -nan
PRED_TO_UPDATE_CYCLES_23_total_count,             0
PRED_TO_UPDATE_CYCLES_23_total_pct,         -nan

PRED_TO_UPDATE_CYCLES_24_count,             0
PRED_TO_UPDATE_CYCLES_24_pct,         -nan
PRED_TO_UPDATE_CYCLES_24_total_count,             0
PRED_TO_UPDATE_CYCLES_24_total_pct,         -nan

PRED_TO_UPDATE_CYCLES_25_count,             0
PRED_TO_UPDATE_CYCLES_25_pct,         -nan
PRED_TO_UPDATE_CYCLES_25_total_count,             0
PRED_TO_UPDATE_CYCLES_25_total_pct,         -nan

PRED_TO_UPDATE_CYCLES_26_count,             0
PRED_TO_UPDATE_CYCLES_26_pct,         -nan
PRED_TO_UPDATE_CYCLES_26_total_count,             0
PRED_TO_UPDATE_CYCLES_26_total_pct,         -nan

PRED_TO_UPDATE_CYCLES_27_count,             0
PRED_TO_UPDATE_CYCLES_27_pct,         -nan
PRED_TO_UPDATE_CYCLES_27_total_count,             0
PRED_TO_UPDATE_CYCLES_27_total_pct,         -nan

PRED_TO_UPDATE_CYCLES_28_count,             0
PRED_TO_UPDATE_CYCLES_28_pct,         -nan
PRED_TO_UPDATE_CYCLES_28_total_count,             0
PRED_TO_UPDATE_CYCLES_28_total_pct,         -nan

PRED_TO_UPDATE_CYCLES_29_count,             0
PRED_TO_UPDATE_CYCLES_29_pct,         -nan
PRED_TO_UPDATE_CYCLES_29_total_count,             0
PRED_TO_UPDATE_CYCLES_29_total_pct,         -nan

PRED_TO_UPDATE_CYCLES_30_count,             0
PRED_TO_UPDATE_CYCLES_30_pct,         -nan
PRED_TO_UPDATE_CYCLES_30_total_count,             0
PRED_TO_UPDATE_CYCLES_30_total_pct,         -nan
PRED_TO_UPDATE_CYCLES_30_sum_count,             0
PRED_TO_UPDATE_CYCLES_30_sum_pct,         -nan
PRED_TO_UPDATE_CYCLES_30_sum_total_count,             0
PRED_TO_UPDATE_CYCLES_30_sum_total_pct,         -nan
PRED_TO_UPDATE_CYCLES_30_mean,         -nan
PRED_TO_UPDATE_CYCLES_30_stddev,         -nan
PRED_TO_UPDATE_CYCLES_30_total_mean,         -nan
PRED_TO_UPDATE_CYCLES_30_total_stddev,         -nan

BP_CORRECTED_count,             0
BP_CORRECTED_pct,         -nan
BP_CORRECTED_total_count,             0
BP_CORRECTED_total_pct,         -nan

BP_NOT_CORRECTED_count,             0
BP_NOT_CORRECTED_pct,         -nan
BP_NOT_CORRECTED_total_count,             0
BP_NOT_CORRECTED_total_pct,         -nan
BP_NOT_CORRECTED_sum_count,             0
BP_NOT_CORRECTED_sum_pct,         -nan
BP_NOT_CORRECTED_sum_total_count,             0
BP_NOT_CORRECTED_sum_total_pct,         -nan
BP_NOT_CORRECTED_mean,         -nan
BP_NOT_CORRECTED_stddev,         -nan
BP_NOT_CORRECTED_total_mean,         -nan
BP_NOT_CORRECTED_total_stddev,         -nan

TARG_CORRECTED_count,             0
TARG_CORRECTED_pct,         -nan
TARG_CORRECTED_total_count,             0
TARG_CORRECTED_total_pct,         -nan

TARG_NOT_CORRECTED_count,             0
TARG_NOT_CORRECTED_pct,         -nan
TARG_NOT_CORRECTED_total_count,             0
TARG_NOT_CORRECTED_total_pct,         -nan
TARG_NOT_CORRECTED_sum_count,             0
TARG_NOT_CORRECTED_sum_pct,         -nan
TARG_NOT_CORRECTED_sum_total_count,             0
TARG_NOT_CORRECTED_sum_total_pct,         -nan
TARG_NOT_CORRECTED_mean,         -nan
TARG_NOT_CORRECTED_stddev,         -nan
TARG_NOT_CORRECTED_total_mean,         -nan
TARG_NOT_CORRECTED_total_stddev,         -nan

BP_MISP_PENALTY_count,          1257
BP_MISP_PENALTY_total_count,          3385

BP_ON_PATH_CONF_MISPRED_count,             0
BP_ON_PATH_CONF_MISPRED_pct,         -nan
BP_ON_PATH_CONF_MISPRED_total_count,             0
BP_ON_PATH_CONF_MISPRED_total_pct,         -nan

BP_ON_PATH_CONF_CORRECT_count,             0
BP_ON_PATH_CONF_CORRECT_pct,         -nan
BP_ON_PATH_CONF_CORRECT_total_count,             0
BP_ON_PATH_CONF_CORRECT_total_pct,         -nan
BP_ON_PATH_CONF_CORRECT_sum_count,             0
BP_ON_PATH_CONF_CORRECT_sum_pct,         -nan
BP_ON_PATH_CONF_CORRECT_sum_total_count,             0
BP_ON_PATH_CONF_CORRECT_sum_total_pct,         -nan
BP_ON_PATH_CONF_CORRECT_mean,         -nan
BP_ON_PATH_CONF_CORRECT_stddev,         -nan
BP_ON_PATH_CONF_CORRECT_total_mean,         -nan
BP_ON_PATH_CONF_CORRECT_total_stddev,         -nan

BP_OFF_PATH_CONF_MISPRED_count,             0
BP_OFF_PATH_CONF_MISPRED_pct,         -nan
BP_OFF_PATH_CONF_MISPRED_total_count,             0
BP_OFF_PATH_CONF_MISPRED_total_pct,         -nan

BP_OFF_PATH_CONF_CORRECT_count,             0
BP_OFF_PATH_CONF_CORRECT_pct,         -nan
BP_OFF_PATH_CONF_CORRECT_total_count,             0
BP_OFF_PATH_CONF_CORRECT_total_pct,         -nan
BP_OFF_PATH_CONF_CORRECT_sum_count,             0
BP_OFF_PATH_CONF_CORRECT_sum_pct,         -nan
BP_OFF_PATH_CONF_CORRECT_sum_total_count,             0
BP_OFF_PATH_CONF_CORRECT_sum_total_pct,         -nan
BP_OFF_PATH_CONF_CORRECT_mean,         -nan
BP_OFF_PATH_CONF_CORRECT_stddev,         -nan
BP_OFF_PATH_CONF_CORRECT_total_mean,         -nan
BP_OFF_PATH_CONF_CORRECT_total_stddev,         -nan

BP_ON_PATH_PRED_MIS_CONF_MISPRED_count,             0
BP_ON_PATH_PRED_MIS_CONF_MISPRED_pct,         -nan
BP_ON_PATH_PRED_MIS_CONF_MISPRED_total_count,             0
BP_ON_PATH_PRED_MIS_CONF_MISPRED_total_pct,         -nan

BP_ON_PATH_PRED_MIS_CONF_CORRECT_count,             0
BP_ON_PATH_PRED_MIS_CONF_CORRECT_pct,         -nan
BP_ON_PATH_PRED_MIS_CONF_CORRECT_total_count,             0
BP_ON_PATH_PRED_MIS_CONF_CORRECT_total_pct,         -nan
BP_ON_PATH_PRED_MIS_CONF_CORRECT_sum_count,             0
BP_ON_PATH_PRED_MIS_CONF_CORRECT_sum_pct,         -nan
BP_ON_PATH_PRED_MIS_CONF_CORRECT_sum_total_count,             0
BP_ON_PATH_PRED_MIS_CONF_CORRECT_sum_total_pct,         -nan
BP_ON_PATH_PRED_MIS_CONF_CORRECT_mean,         -nan
BP_ON_PATH_PRED_MIS_CONF_CORRECT_stddev,         -nan
BP_ON_PATH_PRED_MIS_CONF_CORRECT_total_mean,         -nan
BP_ON_PATH_PRED_MIS_CONF_CORRECT_total_stddev,         -nan

BP_ON_PATH_PRED_COR_CONF_MISPRED_count,             0
BP_ON_PATH_PRED_COR_CONF_MISPRED_pct,         -nan
BP_ON_PATH_PRED_COR_CONF_MISPRED_total_count,             0
BP_ON_PATH_PRED_COR_CONF_MISPRED_total_pct,         -nan

BP_ON_PATH_PRED_COR_CONF_CORRECT_count,             0
BP_ON_PATH_PRED_COR_CONF_CORRECT_pct,         -nan
BP_ON_PATH_PRED_COR_CONF_CORRECT_total_count,             0
BP_ON_PATH_PRED_COR_CONF_CORRECT_total_pct,         -nan
BP_ON_PATH_PRED_COR_CONF_CORRECT_sum_count,             0
BP_ON_PATH_PRED_COR_CONF_CORRECT_sum_pct,         -nan
BP_ON_PATH_PRED_COR_CONF_CORRECT_sum_total_count,             0
BP_ON_PATH_PRED_COR_CONF_CORRECT_sum_total_pct,         -nan
BP_ON_PATH_PRED_COR_CONF_CORRECT_mean,         -nan
BP_ON_PATH_PRED_COR_CONF_CORRECT_stddev,         -nan
BP_ON_PATH_PRED_COR_CONF_CORRECT_total_mean,         -nan
BP_ON_PATH_PRED_COR_CONF_CORRECT_total_stddev,         -nan

BP_OFF_PATH_PRED_MIS_CONF_MISPRED_count,             0
BP_OFF_PATH_PRED_MIS_CONF_MISPRED_pct,         -nan
BP_OFF_PATH_PRED_MIS_CONF_MISPRED_total_count,             0
BP_OFF_PATH_PRED_MIS_CONF_MISPRED_total_pct,         -nan

BP_OFF_PATH_PRED_MIS_CONF_CORRECT_count,             0
BP_OFF_PATH_PRED_MIS_CONF_CORRECT_pct,         -nan
BP_OFF_PATH_PRED_MIS_CONF_CORRECT_total_count,             0
BP_OFF_PATH_PRED_MIS_CONF_CORRECT_total_pct,         -nan
BP_OFF_PATH_PRED_MIS_CONF_CORRECT_sum_count,             0
BP_OFF_PATH_PRED_MIS_CONF_CORRECT_sum_pct,         -nan
BP_OFF_PATH_PRED_MIS_CONF_CORRECT_sum_total_count,             0
BP_OFF_PATH_PRED_MIS_CONF_CORRECT_sum_total_pct,         -nan
BP_OFF_PATH_PRED_MIS_CONF_CORRECT_mean,         -nan
BP_OFF_PATH_PRED_MIS_CONF_CORRECT_stddev,         -nan
BP_OFF_PATH_PRED_MIS_CONF_CORRECT_total_mean,         -nan
BP_OFF_PATH_PRED_MIS_CONF_CORRECT_total_stddev,         -nan

BP_OFF_PATH_PRED_COR_CONF_MISPRED_count,             0
BP_OFF_PATH_PRED_COR_CONF_MISPRED_pct,         -nan
BP_OFF_PATH_PRED_COR_CONF_MISPRED_total_count,             0
BP_OFF_PATH_PRED_COR_CONF_MISPRED_total_pct,         -nan

BP_OFF_PATH_PRED_COR_CONF_CORRECT_count,             0
BP_OFF_PATH_PRED_COR_CONF_CORRECT_pct,         -nan
BP_OFF_PATH_PRED_COR_CONF_CORRECT_total_count,             0
BP_OFF_PATH_PRED_COR_CONF_CORRECT_total_pct,         -nan
BP_OFF_PATH_PRED_COR_CONF_CORRECT_sum_count,             0
BP_OFF_PATH_PRED_COR_CONF_CORRECT_sum_pct,         -nan
BP_OFF_PATH_PRED_COR_CONF_CORRECT_sum_total_count,             0
BP_OFF_PATH_PRED_COR_CONF_CORRECT_sum_total_pct,         -nan
BP_OFF_PATH_PRED_COR_CONF_CORRECT_mean,         -nan
BP_OFF_PATH_PRED_COR_CONF_CORRECT_stddev,         -nan
BP_OFF_PATH_PRED_COR_CONF_CORRECT_total_mean,         -nan
BP_OFF_PATH_PRED_COR_CONF_CORRECT_total_stddev,         -nan

ONPATH_CONF_MISPRED_count,             0
ONPATH_CONF_MISPRED_pct,         -nan
ONPATH_CONF_MISPRED_total_count,             0
ONPATH_CONF_MISPRED_total_pct,         -nan

ONPATH_CONF_CORRECT_count,             0
ONPATH_CONF_CORRECT_pct,         -nan
ONPATH_CONF_CORRECT_total_count,             0
ONPATH_CONF_CORRECT_total_pct,         -nan
ONPATH_CONF_CORRECT_sum_count,             0
ONPATH_CONF_CORRECT_sum_pct,         -nan
ONPATH_CONF_CORRECT_sum_total_count,             0
ONPATH_CONF_CORRECT_sum_total_pct,         -nan
ONPATH_CONF_CORRECT_mean,         -nan
ONPATH_CONF_CORRECT_stddev,         -nan
ONPATH_CONF_CORRECT_total_mean,         -nan
ONPATH_CONF_CORRECT_total_stddev,         -nan

ONPATH_ON_PATH_CONF_MISPRED_count,             0
ONPATH_ON_PATH_CONF_MISPRED_pct,         -nan
ONPATH_ON_PATH_CONF_MISPRED_total_count,             0
ONPATH_ON_PATH_CONF_MISPRED_total_pct,         -nan

ONPATH_ON_PATH_CONF_CORRECT_count,             0
ONPATH_ON_PATH_CONF_CORRECT_pct,         -nan
ONPATH_ON_PATH_CONF_CORRECT_total_count,             0
ONPATH_ON_PATH_CONF_CORRECT_total_pct,         -nan
ONPATH_ON_PATH_CONF_CORRECT_sum_count,             0
ONPATH_ON_PATH_CONF_CORRECT_sum_pct,         -nan
ONPATH_ON_PATH_CONF_CORRECT_sum_total_count,             0
ONPATH_ON_PATH_CONF_CORRECT_sum_total_pct,         -nan
ONPATH_ON_PATH_CONF_CORRECT_mean,         -nan
ONPATH_ON_PATH_CONF_CORRECT_stddev,         -nan
ONPATH_ON_PATH_CONF_CORRECT_total_mean,         -nan
ONPATH_ON_PATH_CONF_CORRECT_total_stddev,         -nan

ONPATH_OFF_PATH_CONF_MISPRED_count,             0
ONPATH_OFF_PATH_CONF_MISPRED_pct,         -nan
ONPATH_OFF_PATH_CONF_MISPRED_total_count,             0
ONPATH_OFF_PATH_CONF_MISPRED_total_pct,         -nan

ONPATH_OFF_PATH_CONF_CORRECT_count,             0
ONPATH_OFF_PATH_CONF_CORRECT_pct,         -nan
ONPATH_OFF_PATH_CONF_CORRECT_total_count,             0
ONPATH_OFF_PATH_CONF_CORRECT_total_pct,         -nan
ONPATH_OFF_PATH_CONF_CORRECT_sum_count,             0
ONPATH_OFF_PATH_CONF_CORRECT_sum_pct,         -nan
ONPATH_OFF_PATH_CONF_CORRECT_sum_total_count,             0
ONPATH_OFF_PATH_CONF_CORRECT_sum_total_pct,         -nan
ONPATH_OFF_PATH_CONF_CORRECT_mean,         -nan
ONPATH_OFF_PATH_CONF_CORRECT_stddev,         -nan
ONPATH_OFF_PATH_CONF_CORRECT_total_mean,         -nan
ONPATH_OFF_PATH_CONF_CORRECT_total_stddev,         -nan

PRED_ONPATH_CONF_MISPRED_count,             0
PRED_ONPATH_CONF_MISPRED_pct,         -nan
PRED_ONPATH_CONF_MISPRED_total_count,             0
PRED_ONPATH_CONF_MISPRED_total_pct,         -nan

PRED_ONPATH_CONF_CORRECT_count,             0
PRED_ONPATH_CONF_CORRECT_pct,         -nan
PRED_ONPATH_CONF_CORRECT_total_count,             0
PRED_ONPATH_CONF_CORRECT_total_pct,         -nan
PRED_ONPATH_CONF_CORRECT_sum_count,             0
PRED_ONPATH_CONF_CORRECT_sum_pct,         -nan
PRED_ONPATH_CONF_CORRECT_sum_total_count,             0
PRED_ONPATH_CONF_CORRECT_sum_total_pct,         -nan
PRED_ONPATH_CONF_CORRECT_mean,         -nan
PRED_ONPATH_CONF_CORRECT_stddev,         -nan
PRED_ONPATH_CONF_CORRECT_total_mean,         -nan
PRED_ONPATH_CONF_CORRECT_total_stddev,         -nan

PRED_OFFPATH_CONF_MISPRED_count,             0
PRED_OFFPATH_CONF_MISPRED_pct,         -nan
PRED_OFFPATH_CONF_MISPRED_total_count,             0
PRED_OFFPATH_CONF_MISPRED_total_pct,         -nan

PRED_OFFPATH_CONF_CORRECT_count,             0
PRED_OFFPATH_CONF_CORRECT_pct,         -nan
PRED_OFFPATH_CONF_CORRECT_total_count,             0
PRED_OFFPATH_CONF_CORRECT_total_pct,         -nan
PRED_OFFPATH_CONF_CORRECT_sum_count,             0
PRED_OFFPATH_CONF_CORRECT_sum_pct,         -nan
PRED_OFFPATH_CONF_CORRECT_sum_total_count,             0
PRED_OFFPATH_CONF_CORRECT_sum_total_pct,         -nan
PRED_OFFPATH_CONF_CORRECT_mean,         -nan
PRED_OFFPATH_CONF_CORRECT_stddev,         -nan
PRED_OFFPATH_CONF_CORRECT_total_mean,         -nan
PRED_OFFPATH_CONF_CORRECT_total_stddev,         -nan

LONG_OVWT_MIS_count,             0
LONG_OVWT_MIS_pct,         -nan
LONG_OVWT_MIS_total_count,             0
LONG_OVWT_MIS_total_pct,         -nan

LONG_OVWT_COR_count,             0
LONG_OVWT_COR_pct,         -nan
LONG_OVWT_COR_total_count,             0
LONG_OVWT_COR_total_pct,         -nan
LONG_OVWT_COR_sum_count,             0
LONG_OVWT_COR_sum_pct,         -nan
LONG_OVWT_COR_sum_total_count,             0
LONG_OVWT_COR_sum_total_pct,         -nan
LONG_OVWT_COR_mean,         -nan
LONG_OVWT_COR_stddev,         -nan
LONG_OVWT_COR_total_mean,         -nan
LONG_OVWT_COR_total_stddev,         -nan

OPC_LENGTH_0_7_MIS_count,             0
OPC_LENGTH_0_7_MIS_pct,         -nan
OPC_LENGTH_0_7_MIS_total_count,             0
OPC_LENGTH_0_7_MIS_total_pct,         -nan

OPC_LENGTH_0_7_COR_count,             0
OPC_LENGTH_0_7_COR_pct,         -nan
OPC_LENGTH_0_7_COR_total_count,             0
OPC_LENGTH_0_7_COR_total_pct,         -nan
OPC_LENGTH_0_7_COR_sum_count,             0
OPC_LENGTH_0_7_COR_sum_pct,         -nan
OPC_LENGTH_0_7_COR_sum_total_count,             0
OPC_LENGTH_0_7_COR_sum_total_pct,         -nan
OPC_LENGTH_0_7_COR_mean,         -nan
OPC_LENGTH_0_7_COR_stddev,         -nan
OPC_LENGTH_0_7_COR_total_mean,         -nan
OPC_LENGTH_0_7_COR_total_stddev,         -nan

OPC_LENGTH_8_15_MIS_count,             0
OPC_LENGTH_8_15_MIS_pct,         -nan
OPC_LENGTH_8_15_MIS_total_count,             0
OPC_LENGTH_8_15_MIS_total_pct,         -nan

OPC_LENGTH_8_15_COR_count,             0
OPC_LENGTH_8_15_COR_pct,         -nan
OPC_LENGTH_8_15_COR_total_count,             0
OPC_LENGTH_8_15_COR_total_pct,         -nan
OPC_LENGTH_8_15_COR_sum_count,             0
OPC_LENGTH_8_15_COR_sum_pct,         -nan
OPC_LENGTH_8_15_COR_sum_total_count,             0
OPC_LENGTH_8_15_COR_sum_total_pct,         -nan
OPC_LENGTH_8_15_COR_mean,         -nan
OPC_LENGTH_8_15_COR_stddev,         -nan
OPC_LENGTH_8_15_COR_total_mean,         -nan
OPC_LENGTH_8_15_COR_total_stddev,         -nan

OPC_LENGTH_16_23_MIS_count,             0
OPC_LENGTH_16_23_MIS_pct,         -nan
OPC_LENGTH_16_23_MIS_total_count,             0
OPC_LENGTH_16_23_MIS_total_pct,         -nan

OPC_LENGTH_16_23_COR_count,             0
OPC_LENGTH_16_23_COR_pct,         -nan
OPC_LENGTH_16_23_COR_total_count,             0
OPC_LENGTH_16_23_COR_total_pct,         -nan
OPC_LENGTH_16_23_COR_sum_count,             0
OPC_LENGTH_16_23_COR_sum_pct,         -nan
OPC_LENGTH_16_23_COR_sum_total_count,             0
OPC_LENGTH_16_23_COR_sum_total_pct,         -nan
OPC_LENGTH_16_23_COR_mean,         -nan
OPC_LENGTH_16_23_COR_stddev,         -nan
OPC_LENGTH_16_23_COR_total_mean,         -nan
OPC_LENGTH_16_23_COR_total_stddev,         -nan

OPC_LENGTH_24_31_MIS_count,             0
OPC_LENGTH_24_31_MIS_pct,         -nan
OPC_LENGTH_24_31_MIS_total_count,             0
OPC_LENGTH_24_31_MIS_total_pct,         -nan

OPC_LENGTH_24_31_COR_count,             0
OPC_LENGTH_24_31_COR_pct,         -nan
OPC_LENGTH_24_31_COR_total_count,             0
OPC_LENGTH_24_31_COR_total_pct,         -nan
OPC_LENGTH_24_31_COR_sum_count,             0
OPC_LENGTH_24_31_COR_sum_pct,         -nan
OPC_LENGTH_24_31_COR_sum_total_count,             0
OPC_LENGTH_24_31_COR_sum_total_pct,         -nan
OPC_LENGTH_24_31_COR_mean,         -nan
OPC_LENGTH_24_31_COR_stddev,         -nan
OPC_LENGTH_24_31_COR_total_mean,         -nan
OPC_LENGTH_24_31_COR_total_stddev,         -nan

OPC_LENGTH_32_39_MIS_count,             0
OPC_LENGTH_32_39_MIS_pct,         -nan
OPC_LENGTH_32_39_MIS_total_count,             0
OPC_LENGTH_32_39_MIS_total_pct,         -nan

OPC_LENGTH_32_39_COR_count,             0
OPC_LENGTH_32_39_COR_pct,         -nan
OPC_LENGTH_32_39_COR_total_count,             0
OPC_LENGTH_32_39_COR_total_pct,         -nan
OPC_LENGTH_32_39_COR_sum_count,             0
OPC_LENGTH_32_39_COR_sum_pct,         -nan
OPC_LENGTH_32_39_COR_sum_total_count,             0
OPC_LENGTH_32_39_COR_sum_total_pct,         -nan
OPC_LENGTH_32_39_COR_mean,         -nan
OPC_LENGTH_32_39_COR_stddev,         -nan
OPC_LENGTH_32_39_COR_total_mean,         -nan
OPC_LENGTH_32_39_COR_total_stddev,         -nan

OPC_LENGTH_40_47_MIS_count,             0
OPC_LENGTH_40_47_MIS_pct,         -nan
OPC_LENGTH_40_47_MIS_total_count,             0
OPC_LENGTH_40_47_MIS_total_pct,         -nan

OPC_LENGTH_40_47_COR_count,             0
OPC_LENGTH_40_47_COR_pct,         -nan
OPC_LENGTH_40_47_COR_total_count,             0
OPC_LENGTH_40_47_COR_total_pct,         -nan
OPC_LENGTH_40_47_COR_sum_count,             0
OPC_LENGTH_40_47_COR_sum_pct,         -nan
OPC_LENGTH_40_47_COR_sum_total_count,             0
OPC_LENGTH_40_47_COR_sum_total_pct,         -nan
OPC_LENGTH_40_47_COR_mean,         -nan
OPC_LENGTH_40_47_COR_stddev,         -nan
OPC_LENGTH_40_47_COR_total_mean,         -nan
OPC_LENGTH_40_47_COR_total_stddev,         -nan

OPC_LENGTH_48_55_MIS_count,             0
OPC_LENGTH_48_55_MIS_pct,         -nan
OPC_LENGTH_48_55_MIS_total_count,             0
OPC_LENGTH_48_55_MIS_total_pct,         -nan

OPC_LENGTH_48_55_COR_count,             0
OPC_LENGTH_48_55_COR_pct,         -nan
OPC_LENGTH_48_55_COR_total_count,             0
OPC_LENGTH_48_55_COR_total_pct,         -nan
OPC_LENGTH_48_55_COR_sum_count,             0
OPC_LENGTH_48_55_COR_sum_pct,         -nan
OPC_LENGTH_48_55_COR_sum_total_count,             0
OPC_LENGTH_48_55_COR_sum_total_pct,         -nan
OPC_LENGTH_48_55_COR_mean,         -nan
OPC_LENGTH_48_55_COR_stddev,         -nan
OPC_LENGTH_48_55_COR_total_mean,         -nan
OPC_LENGTH_48_55_COR_total_stddev,         -nan

OPC_LENGTH_56_63_MIS_count,             0
OPC_LENGTH_56_63_MIS_pct,         -nan
OPC_LENGTH_56_63_MIS_total_count,             0
OPC_LENGTH_56_63_MIS_total_pct,         -nan

OPC_LENGTH_56_63_COR_count,             0
OPC_LENGTH_56_63_COR_pct,         -nan
OPC_LENGTH_56_63_COR_total_count,             0
OPC_LENGTH_56_63_COR_total_pct,         -nan
OPC_LENGTH_56_63_COR_sum_count,             0
OPC_LENGTH_56_63_COR_sum_pct,         -nan
OPC_LENGTH_56_63_COR_sum_total_count,             0
OPC_LENGTH_56_63_COR_sum_total_pct,         -nan
OPC_LENGTH_56_63_COR_mean,         -nan
OPC_LENGTH_56_63_COR_stddev,         -nan
OPC_LENGTH_56_63_COR_total_mean,         -nan
OPC_LENGTH_56_63_COR_total_stddev,         -nan

OPC_LENGTH_64_71_MIS_count,             0
OPC_LENGTH_64_71_MIS_pct,         -nan
OPC_LENGTH_64_71_MIS_total_count,             0
OPC_LENGTH_64_71_MIS_total_pct,         -nan

OPC_LENGTH_64_71_COR_count,             0
OPC_LENGTH_64_71_COR_pct,         -nan
OPC_LENGTH_64_71_COR_total_count,             0
OPC_LENGTH_64_71_COR_total_pct,         -nan
OPC_LENGTH_64_71_COR_sum_count,             0
OPC_LENGTH_64_71_COR_sum_pct,         -nan
OPC_LENGTH_64_71_COR_sum_total_count,             0
OPC_LENGTH_64_71_COR_sum_total_pct,         -nan
OPC_LENGTH_64_71_COR_mean,         -nan
OPC_LENGTH_64_71_COR_stddev,         -nan
OPC_LENGTH_64_71_COR_total_mean,         -nan
OPC_LENGTH_64_71_COR_total_stddev,         -nan

OPC_LENGTH_72_79_MIS_count,             0
OPC_LENGTH_72_79_MIS_pct,         -nan
OPC_LENGTH_72_79_MIS_total_count,             0
OPC_LENGTH_72_79_MIS_total_pct,         -nan

OPC_LENGTH_72_79_COR_count,             0
OPC_LENGTH_72_79_COR_pct,         -nan
OPC_LENGTH_72_79_COR_total_count,             0
OPC_LENGTH_72_79_COR_total_pct,         -nan
OPC_LENGTH_72_79_COR_sum_count,             0
OPC_LENGTH_72_79_COR_sum_pct,         -nan
OPC_LENGTH_72_79_COR_sum_total_count,             0
OPC_LENGTH_72_79_COR_sum_total_pct,         -nan
OPC_LENGTH_72_79_COR_mean,         -nan
OPC_LENGTH_72_79_COR_stddev,         -nan
OPC_LENGTH_72_79_COR_total_mean,         -nan
OPC_LENGTH_72_79_COR_total_stddev,         -nan

OPC_LENGTH_80_MIS_count,             0
OPC_LENGTH_80_MIS_pct,         -nan
OPC_LENGTH_80_MIS_total_count,             0
OPC_LENGTH_80_MIS_total_pct,         -nan

OPC_LENGTH_80_COR_count,             0
OPC_LENGTH_80_COR_pct,         -nan
OPC_LENGTH_80_COR_total_count,             0
OPC_LENGTH_80_COR_total_pct,         -nan
OPC_LENGTH_80_COR_sum_count,             0
OPC_LENGTH_80_COR_sum_pct,         -nan
OPC_LENGTH_80_COR_sum_total_count,             0
OPC_LENGTH_80_COR_sum_total_pct,         -nan
OPC_LENGTH_80_COR_mean,         -nan
OPC_LENGTH_80_COR_stddev,         -nan
OPC_LENGTH_80_COR_total_mean,         -nan
OPC_LENGTH_80_COR_total_stddev,         -nan

ALL_ONES_MIS_count,             0
ALL_ONES_MIS_pct,         -nan
ALL_ONES_MIS_total_count,             0
ALL_ONES_MIS_total_pct,         -nan

ALL_ONES_COR_count,             0
ALL_ONES_COR_pct,         -nan
ALL_ONES_COR_total_count,             0
ALL_ONES_COR_total_pct,         -nan
ALL_ONES_COR_sum_count,             0
ALL_ONES_COR_sum_pct,         -nan
ALL_ONES_COR_sum_total_count,             0
ALL_ONES_COR_sum_total_pct,         -nan
ALL_ONES_COR_mean,         -nan
ALL_ONES_COR_stddev,         -nan
ALL_ONES_COR_total_mean,         -nan
ALL_ONES_COR_total_stddev,         -nan

FIRST_ONE_MIS_count,             0
FIRST_ONE_MIS_pct,         -nan
FIRST_ONE_MIS_total_count,             0
FIRST_ONE_MIS_total_pct,         -nan

FIRST_ONE_COR_count,             0
FIRST_ONE_COR_pct,         -nan
FIRST_ONE_COR_total_count,             0
FIRST_ONE_COR_total_pct,         -nan
FIRST_ONE_COR_sum_count,             0
FIRST_ONE_COR_sum_pct,         -nan
FIRST_ONE_COR_sum_total_count,             0
FIRST_ONE_COR_sum_total_pct,         -nan
FIRST_ONE_COR_mean,         -nan
FIRST_ONE_COR_stddev,         -nan
FIRST_ONE_COR_total_mean,         -nan
FIRST_ONE_COR_total_stddev,         -nan

ZEROS_0_1_MIS_count,             0
ZEROS_0_1_MIS_pct,         -nan
ZEROS_0_1_MIS_total_count,             0
ZEROS_0_1_MIS_total_pct,         -nan

ZEROS_0_1_COR_count,             0
ZEROS_0_1_COR_pct,         -nan
ZEROS_0_1_COR_total_count,             0
ZEROS_0_1_COR_total_pct,         -nan
ZEROS_0_1_COR_sum_count,             0
ZEROS_0_1_COR_sum_pct,         -nan
ZEROS_0_1_COR_sum_total_count,             0
ZEROS_0_1_COR_sum_total_pct,         -nan
ZEROS_0_1_COR_mean,         -nan
ZEROS_0_1_COR_stddev,         -nan
ZEROS_0_1_COR_total_mean,         -nan
ZEROS_0_1_COR_total_stddev,         -nan

ZEROS_2_3_MIS_count,             0
ZEROS_2_3_MIS_pct,         -nan
ZEROS_2_3_MIS_total_count,             0
ZEROS_2_3_MIS_total_pct,         -nan

ZEROS_2_3_COR_count,             0
ZEROS_2_3_COR_pct,         -nan
ZEROS_2_3_COR_total_count,             0
ZEROS_2_3_COR_total_pct,         -nan
ZEROS_2_3_COR_sum_count,             0
ZEROS_2_3_COR_sum_pct,         -nan
ZEROS_2_3_COR_sum_total_count,             0
ZEROS_2_3_COR_sum_total_pct,         -nan
ZEROS_2_3_COR_mean,         -nan
ZEROS_2_3_COR_stddev,         -nan
ZEROS_2_3_COR_total_mean,         -nan
ZEROS_2_3_COR_total_stddev,         -nan

ZEROS_4_5_MIS_count,             0
ZEROS_4_5_MIS_pct,         -nan
ZEROS_4_5_MIS_total_count,             0
ZEROS_4_5_MIS_total_pct,         -nan

ZEROS_4_5_COR_count,             0
ZEROS_4_5_COR_pct,         -nan
ZEROS_4_5_COR_total_count,             0
ZEROS_4_5_COR_total_pct,         -nan
ZEROS_4_5_COR_sum_count,             0
ZEROS_4_5_COR_sum_pct,         -nan
ZEROS_4_5_COR_sum_total_count,             0
ZEROS_4_5_COR_sum_total_pct,         -nan
ZEROS_4_5_COR_mean,         -nan
ZEROS_4_5_COR_stddev,         -nan
ZEROS_4_5_COR_total_mean,         -nan
ZEROS_4_5_COR_total_stddev,         -nan

ZEROS_6_7_MIS_count,             0
ZEROS_6_7_MIS_pct,         -nan
ZEROS_6_7_MIS_total_count,             0
ZEROS_6_7_MIS_total_pct,         -nan

ZEROS_6_7_COR_count,             0
ZEROS_6_7_COR_pct,         -nan
ZEROS_6_7_COR_total_count,             0
ZEROS_6_7_COR_total_pct,         -nan
ZEROS_6_7_COR_sum_count,             0
ZEROS_6_7_COR_sum_pct,         -nan
ZEROS_6_7_COR_sum_total_count,             0
ZEROS_6_7_COR_sum_total_pct,         -nan
ZEROS_6_7_COR_mean,         -nan
ZEROS_6_7_COR_stddev,         -nan
ZEROS_6_7_COR_total_mean,         -nan
ZEROS_6_7_COR_total_stddev,         -nan

ZEROS_8_9_MIS_count,             0
ZEROS_8_9_MIS_pct,         -nan
ZEROS_8_9_MIS_total_count,             0
ZEROS_8_9_MIS_total_pct,         -nan

ZEROS_8_9_COR_count,             0
ZEROS_8_9_COR_pct,         -nan
ZEROS_8_9_COR_total_count,             0
ZEROS_8_9_COR_total_pct,         -nan
ZEROS_8_9_COR_sum_count,             0
ZEROS_8_9_COR_sum_pct,         -nan
ZEROS_8_9_COR_sum_total_count,             0
ZEROS_8_9_COR_sum_total_pct,         -nan
ZEROS_8_9_COR_mean,         -nan
ZEROS_8_9_COR_stddev,         -nan
ZEROS_8_9_COR_total_mean,         -nan
ZEROS_8_9_COR_total_stddev,         -nan

ZEROS_10_11_MIS_count,             0
ZEROS_10_11_MIS_pct,         -nan
ZEROS_10_11_MIS_total_count,             0
ZEROS_10_11_MIS_total_pct,         -nan

ZEROS_10_11_COR_count,             0
ZEROS_10_11_COR_pct,         -nan
ZEROS_10_11_COR_total_count,             0
ZEROS_10_11_COR_total_pct,         -nan
ZEROS_10_11_COR_sum_count,             0
ZEROS_10_11_COR_sum_pct,         -nan
ZEROS_10_11_COR_sum_total_count,             0
ZEROS_10_11_COR_sum_total_pct,         -nan
ZEROS_10_11_COR_mean,         -nan
ZEROS_10_11_COR_stddev,         -nan
ZEROS_10_11_COR_total_mean,         -nan
ZEROS_10_11_COR_total_stddev,         -nan

ZEROS_12_13_MIS_count,             0
ZEROS_12_13_MIS_pct,         -nan
ZEROS_12_13_MIS_total_count,             0
ZEROS_12_13_MIS_total_pct,         -nan

ZEROS_12_13_COR_count,             0
ZEROS_12_13_COR_pct,         -nan
ZEROS_12_13_COR_total_count,             0
ZEROS_12_13_COR_total_pct,         -nan
ZEROS_12_13_COR_sum_count,             0
ZEROS_12_13_COR_sum_pct,         -nan
ZEROS_12_13_COR_sum_total_count,             0
ZEROS_12_13_COR_sum_total_pct,         -nan
ZEROS_12_13_COR_mean,         -nan
ZEROS_12_13_COR_stddev,         -nan
ZEROS_12_13_COR_total_mean,         -nan
ZEROS_12_13_COR_total_stddev,         -nan

ZEROS_14_15_MIS_count,             0
ZEROS_14_15_MIS_pct,         -nan
ZEROS_14_15_MIS_total_count,             0
ZEROS_14_15_MIS_total_pct,         -nan

ZEROS_14_15_COR_count,             0
ZEROS_14_15_COR_pct,         -nan
ZEROS_14_15_COR_total_count,             0
ZEROS_14_15_COR_total_pct,         -nan
ZEROS_14_15_COR_sum_count,             0
ZEROS_14_15_COR_sum_pct,         -nan
ZEROS_14_15_COR_sum_total_count,             0
ZEROS_14_15_COR_sum_total_pct,         -nan
ZEROS_14_15_COR_mean,         -nan
ZEROS_14_15_COR_stddev,         -nan
ZEROS_14_15_COR_total_mean,         -nan
ZEROS_14_15_COR_total_stddev,         -nan

ZEROS_16_MIS_count,             0
ZEROS_16_MIS_pct,         -nan
ZEROS_16_MIS_total_count,             0
ZEROS_16_MIS_total_pct,         -nan

ZEROS_16_COR_count,             0
ZEROS_16_COR_pct,         -nan
ZEROS_16_COR_total_count,             0
ZEROS_16_COR_total_pct,         -nan
ZEROS_16_COR_sum_count,             0
ZEROS_16_COR_sum_pct,         -nan
ZEROS_16_COR_sum_total_count,             0
ZEROS_16_COR_sum_total_pct,         -nan
ZEROS_16_COR_mean,         -nan
ZEROS_16_COR_stddev,         -nan
ZEROS_16_COR_total_mean,         -nan
ZEROS_16_COR_total_stddev,         -nan

GS2BC_GSHARE_count,             0
GS2BC_GSHARE_pct,         -nan
GS2BC_GSHARE_total_count,             0
GS2BC_GSHARE_total_pct,         -nan

GS2BC_2BC_count,             0
GS2BC_2BC_pct,         -nan
GS2BC_2BC_total_count,             0
GS2BC_2BC_total_pct,         -nan
GS2BC_2BC_sum_count,             0
GS2BC_2BC_sum_pct,         -nan
GS2BC_2BC_sum_total_count,             0
GS2BC_2BC_sum_total_pct,         -nan
GS2BC_2BC_mean,         -nan
GS2BC_2BC_stddev,         -nan
GS2BC_2BC_total_mean,         -nan
GS2BC_2BC_total_stddev,         -nan

GSKEW2BC_VOTE_count,             0
GSKEW2BC_VOTE_pct,         -nan
GSKEW2BC_VOTE_total_count,             0
GSKEW2BC_VOTE_total_pct,         -nan

GSKEW2BC_2BC_count,             0
GSKEW2BC_2BC_pct,         -nan
GSKEW2BC_2BC_total_count,             0
GSKEW2BC_2BC_total_pct,         -nan
GSKEW2BC_2BC_sum_count,             0
GSKEW2BC_2BC_sum_pct,         -nan
GSKEW2BC_2BC_sum_total_count,             0
GSKEW2BC_2BC_sum_total_pct,         -nan
GSKEW2BC_2BC_mean,         -nan
GSKEW2BC_2BC_stddev,         -nan
GSKEW2BC_2BC_total_mean,         -nan
GSKEW2BC_2BC_total_stddev,         -nan

FUTGSHARE_INIT_ON_PATH_CORRECT_count,             0
FUTGSHARE_INIT_ON_PATH_CORRECT_pct,         -nan
FUTGSHARE_INIT_ON_PATH_CORRECT_total_count,             0
FUTGSHARE_INIT_ON_PATH_CORRECT_total_pct,         -nan

FUTGSHARE_INIT_ON_PATH_MISPREDICT_count,             0
FUTGSHARE_INIT_ON_PATH_MISPREDICT_pct,         -nan
FUTGSHARE_INIT_ON_PATH_MISPREDICT_total_count,             0
FUTGSHARE_INIT_ON_PATH_MISPREDICT_total_pct,         -nan
FUTGSHARE_INIT_ON_PATH_MISPREDICT_sum_count,             0
FUTGSHARE_INIT_ON_PATH_MISPREDICT_sum_pct,         -nan
FUTGSHARE_INIT_ON_PATH_MISPREDICT_sum_total_count,             0
FUTGSHARE_INIT_ON_PATH_MISPREDICT_sum_total_pct,         -nan
FUTGSHARE_INIT_ON_PATH_MISPREDICT_mean,         -nan
FUTGSHARE_INIT_ON_PATH_MISPREDICT_stddev,         -nan
FUTGSHARE_INIT_ON_PATH_MISPREDICT_total_mean,         -nan
FUTGSHARE_INIT_ON_PATH_MISPREDICT_total_stddev,         -nan

FUTGSHARE_INIT_OFF_PATH_CORRECT_count,             0
FUTGSHARE_INIT_OFF_PATH_CORRECT_pct,         -nan
FUTGSHARE_INIT_OFF_PATH_CORRECT_total_count,             0
FUTGSHARE_INIT_OFF_PATH_CORRECT_total_pct,         -nan

FUTGSHARE_INIT_OFF_PATH_MISPREDICT_count,             0
FUTGSHARE_INIT_OFF_PATH_MISPREDICT_pct,         -nan
FUTGSHARE_INIT_OFF_PATH_MISPREDICT_total_count,             0
FUTGSHARE_INIT_OFF_PATH_MISPREDICT_total_pct,         -nan
FUTGSHARE_INIT_OFF_PATH_MISPREDICT_sum_count,             0
FUTGSHARE_INIT_OFF_PATH_MISPREDICT_sum_pct,         -nan
FUTGSHARE_INIT_OFF_PATH_MISPREDICT_sum_total_count,             0
FUTGSHARE_INIT_OFF_PATH_MISPREDICT_sum_total_pct,         -nan
FUTGSHARE_INIT_OFF_PATH_MISPREDICT_mean,         -nan
FUTGSHARE_INIT_OFF_PATH_MISPREDICT_stddev,         -nan
FUTGSHARE_INIT_OFF_PATH_MISPREDICT_total_mean,         -nan
FUTGSHARE_INIT_OFF_PATH_MISPREDICT_total_stddev,         -nan

FUTGSHARE_CHANGED_CORRECTED_ON_PATH_count,             0
FUTGSHARE_CHANGED_CORRECTED_ON_PATH_pct,         -nan
FUTGSHARE_CHANGED_CORRECTED_ON_PATH_total_count,             0
FUTGSHARE_CHANGED_CORRECTED_ON_PATH_total_pct,         -nan

FUTGSHARE_CHANGED_SCREWED_ON_PATH_count,             0
FUTGSHARE_CHANGED_SCREWED_ON_PATH_pct,         -nan
FUTGSHARE_CHANGED_SCREWED_ON_PATH_total_count,             0
FUTGSHARE_CHANGED_SCREWED_ON_PATH_total_pct,         -nan
FUTGSHARE_CHANGED_SCREWED_ON_PATH_sum_count,             0
FUTGSHARE_CHANGED_SCREWED_ON_PATH_sum_pct,         -nan
FUTGSHARE_CHANGED_SCREWED_ON_PATH_sum_total_count,             0
FUTGSHARE_CHANGED_SCREWED_ON_PATH_sum_total_pct,         -nan
FUTGSHARE_CHANGED_SCREWED_ON_PATH_mean,         -nan
FUTGSHARE_CHANGED_SCREWED_ON_PATH_stddev,         -nan
FUTGSHARE_CHANGED_SCREWED_ON_PATH_total_mean,         -nan
FUTGSHARE_CHANGED_SCREWED_ON_PATH_total_stddev,         -nan

FUTGSHARE_CHANGED_CORRECTED_OFF_PATH_count,             0
FUTGSHARE_CHANGED_CORRECTED_OFF_PATH_pct,         -nan
FUTGSHARE_CHANGED_CORRECTED_OFF_PATH_total_count,             0
FUTGSHARE_CHANGED_CORRECTED_OFF_PATH_total_pct,         -nan

FUTGSHARE_CHANGED_SCREWED_OFF_PATH_count,             0
FUTGSHARE_CHANGED_SCREWED_OFF_PATH_pct,         -nan
FUTGSHARE_CHANGED_SCREWED_OFF_PATH_total_count,             0
FUTGSHARE_CHANGED_SCREWED_OFF_PATH_total_pct,         -nan
FUTGSHARE_CHANGED_SCREWED_OFF_PATH_sum_count,             0
FUTGSHARE_CHANGED_SCREWED_OFF_PATH_sum_pct,         -nan
FUTGSHARE_CHANGED_SCREWED_OFF_PATH_sum_total_count,             0
FUTGSHARE_CHANGED_SCREWED_OFF_PATH_sum_total_pct,         -nan
FUTGSHARE_CHANGED_SCREWED_OFF_PATH_mean,         -nan
FUTGSHARE_CHANGED_SCREWED_OFF_PATH_stddev,         -nan
FUTGSHARE_CHANGED_SCREWED_OFF_PATH_total_mean,         -nan
FUTGSHARE_CHANGED_SCREWED_OFF_PATH_total_stddev,         -nan

FUTGSHARE_ORIG_CORRECT_FUT_CORRECT_ON_PATH_count,             0
FUTGSHARE_ORIG_CORRECT_FUT_CORRECT_ON_PATH_pct,         -nan
FUTGSHARE_ORIG_CORRECT_FUT_CORRECT_ON_PATH_total_count,             0
FUTGSHARE_ORIG_CORRECT_FUT_CORRECT_ON_PATH_total_pct,         -nan

FUTGSHARE_ORIG_MISPRED_FUT_CORRECT_ON_PATH_count,             0
FUTGSHARE_ORIG_MISPRED_FUT_CORRECT_ON_PATH_pct,         -nan
FUTGSHARE_ORIG_MISPRED_FUT_CORRECT_ON_PATH_total_count,             0
FUTGSHARE_ORIG_MISPRED_FUT_CORRECT_ON_PATH_total_pct,         -nan

FUTGSHARE_ORIG_CORRECT_FUT_MISPRED_ON_PATH_count,             0
FUTGSHARE_ORIG_CORRECT_FUT_MISPRED_ON_PATH_pct,         -nan
FUTGSHARE_ORIG_CORRECT_FUT_MISPRED_ON_PATH_total_count,             0
FUTGSHARE_ORIG_CORRECT_FUT_MISPRED_ON_PATH_total_pct,         -nan

FUTGSHARE_ORIG_MISPRED_FUT_MISPRED_ON_PATH_count,             0
FUTGSHARE_ORIG_MISPRED_FUT_MISPRED_ON_PATH_pct,         -nan
FUTGSHARE_ORIG_MISPRED_FUT_MISPRED_ON_PATH_total_count,             0
FUTGSHARE_ORIG_MISPRED_FUT_MISPRED_ON_PATH_total_pct,         -nan
FUTGSHARE_ORIG_MISPRED_FUT_MISPRED_ON_PATH_sum_count,             0
FUTGSHARE_ORIG_MISPRED_FUT_MISPRED_ON_PATH_sum_pct,         -nan
FUTGSHARE_ORIG_MISPRED_FUT_MISPRED_ON_PATH_sum_total_count,             0
FUTGSHARE_ORIG_MISPRED_FUT_MISPRED_ON_PATH_sum_total_pct,         -nan
FUTGSHARE_ORIG_MISPRED_FUT_MISPRED_ON_PATH_mean,         -nan
FUTGSHARE_ORIG_MISPRED_FUT_MISPRED_ON_PATH_stddev,         -nan
FUTGSHARE_ORIG_MISPRED_FUT_MISPRED_ON_PATH_total_mean,         -nan
FUTGSHARE_ORIG_MISPRED_FUT_MISPRED_ON_PATH_total_stddev,         -nan

FUTGSHARE_ORIG_CORRECT_FUT_CORRECT_OFF_PATH_count,             0
FUTGSHARE_ORIG_CORRECT_FUT_CORRECT_OFF_PATH_pct,         -nan
FUTGSHARE_ORIG_CORRECT_FUT_CORRECT_OFF_PATH_total_count,             0
FUTGSHARE_ORIG_CORRECT_FUT_CORRECT_OFF_PATH_total_pct,         -nan

FUTGSHARE_ORIG_MISPRED_FUT_CORRECT_OFF_PATH_count,             0
FUTGSHARE_ORIG_MISPRED_FUT_CORRECT_OFF_PATH_pct,         -nan
FUTGSHARE_ORIG_MISPRED_FUT_CORRECT_OFF_PATH_total_count,             0
FUTGSHARE_ORIG_MISPRED_FUT_CORRECT_OFF_PATH_total_pct,         -nan

FUTGSHARE_ORIG_CORRECT_FUT_MISPRED_OFF_PATH_count,             0
FUTGSHARE_ORIG_CORRECT_FUT_MISPRED_OFF_PATH_pct,         -nan
FUTGSHARE_ORIG_CORRECT_FUT_MISPRED_OFF_PATH_total_count,             0
FUTGSHARE_ORIG_CORRECT_FUT_MISPRED_OFF_PATH_total_pct,         -nan

FUTGSHARE_ORIG_MISPRED_FUT_MISPRED_OFF_PATH_count,             0
FUTGSHARE_ORIG_MISPRED_FUT_MISPRED_OFF_PATH_pct,         -nan
FUTGSHARE_ORIG_MISPRED_FUT_MISPRED_OFF_PATH_total_count,             0
FUTGSHARE_ORIG_MISPRED_FUT_MISPRED_OFF_PATH_total_pct,         -nan
FUTGSHARE_ORIG_MISPRED_FUT_MISPRED_OFF_PATH_sum_count,             0
FUTGSHARE_ORIG_MISPRED_FUT_MISPRED_OFF_PATH_sum_pct,         -nan
FUTGSHARE_ORIG_MISPRED_FUT_MISPRED_OFF_PATH_sum_total_count,             0
FUTGSHARE_ORIG_MISPRED_FUT_MISPRED_OFF_PATH_sum_total_pct,         -nan
FUTGSHARE_ORIG_MISPRED_FUT_MISPRED_OFF_PATH_mean,         -nan
FUTGSHARE_ORIG_MISPRED_FUT_MISPRED_OFF_PATH_stddev,         -nan
FUTGSHARE_ORIG_MISPRED_FUT_MISPRED_OFF_PATH_total_mean,         -nan
FUTGSHARE_ORIG_MISPRED_FUT_MISPRED_OFF_PATH_total_stddev,         -nan

FUTGSHARE_ON_PATH_CORRECT_0_count,             0
FUTGSHARE_ON_PATH_CORRECT_0_pct,         -nan
FUTGSHARE_ON_PATH_CORRECT_0_total_count,             0
FUTGSHARE_ON_PATH_CORRECT_0_total_pct,         -nan

FUTGSHARE_ON_PATH_MISPREDICT_0_count,             0
FUTGSHARE_ON_PATH_MISPREDICT_0_pct,         -nan
FUTGSHARE_ON_PATH_MISPREDICT_0_total_count,             0
FUTGSHARE_ON_PATH_MISPREDICT_0_total_pct,         -nan
FUTGSHARE_ON_PATH_MISPREDICT_0_sum_count,             0
FUTGSHARE_ON_PATH_MISPREDICT_0_sum_pct,         -nan
FUTGSHARE_ON_PATH_MISPREDICT_0_sum_total_count,             0
FUTGSHARE_ON_PATH_MISPREDICT_0_sum_total_pct,         -nan
FUTGSHARE_ON_PATH_MISPREDICT_0_mean,         -nan
FUTGSHARE_ON_PATH_MISPREDICT_0_stddev,         -nan
FUTGSHARE_ON_PATH_MISPREDICT_0_total_mean,         -nan
FUTGSHARE_ON_PATH_MISPREDICT_0_total_stddev,         -nan

FUTGSHARE_OFF_PATH_CORRECT_0_count,             0
FUTGSHARE_OFF_PATH_CORRECT_0_pct,         -nan
FUTGSHARE_OFF_PATH_CORRECT_0_total_count,             0
FUTGSHARE_OFF_PATH_CORRECT_0_total_pct,         -nan

FUTGSHARE_OFF_PATH_MISPREDICT_0_count,             0
FUTGSHARE_OFF_PATH_MISPREDICT_0_pct,         -nan
FUTGSHARE_OFF_PATH_MISPREDICT_0_total_count,             0
FUTGSHARE_OFF_PATH_MISPREDICT_0_total_pct,         -nan
FUTGSHARE_OFF_PATH_MISPREDICT_0_sum_count,             0
FUTGSHARE_OFF_PATH_MISPREDICT_0_sum_pct,         -nan
FUTGSHARE_OFF_PATH_MISPREDICT_0_sum_total_count,             0
FUTGSHARE_OFF_PATH_MISPREDICT_0_sum_total_pct,         -nan
FUTGSHARE_OFF_PATH_MISPREDICT_0_mean,         -nan
FUTGSHARE_OFF_PATH_MISPREDICT_0_stddev,         -nan
FUTGSHARE_OFF_PATH_MISPREDICT_0_total_mean,         -nan
FUTGSHARE_OFF_PATH_MISPREDICT_0_total_stddev,         -nan

FUTGSHARE_ON_PATH_CORRECT_1_count,             0
FUTGSHARE_ON_PATH_CORRECT_1_pct,         -nan
FUTGSHARE_ON_PATH_CORRECT_1_total_count,             0
FUTGSHARE_ON_PATH_CORRECT_1_total_pct,         -nan

FUTGSHARE_ON_PATH_MISPREDICT_1_count,             0
FUTGSHARE_ON_PATH_MISPREDICT_1_pct,         -nan
FUTGSHARE_ON_PATH_MISPREDICT_1_total_count,             0
FUTGSHARE_ON_PATH_MISPREDICT_1_total_pct,         -nan
FUTGSHARE_ON_PATH_MISPREDICT_1_sum_count,             0
FUTGSHARE_ON_PATH_MISPREDICT_1_sum_pct,         -nan
FUTGSHARE_ON_PATH_MISPREDICT_1_sum_total_count,             0
FUTGSHARE_ON_PATH_MISPREDICT_1_sum_total_pct,         -nan
FUTGSHARE_ON_PATH_MISPREDICT_1_mean,         -nan
FUTGSHARE_ON_PATH_MISPREDICT_1_stddev,         -nan
FUTGSHARE_ON_PATH_MISPREDICT_1_total_mean,         -nan
FUTGSHARE_ON_PATH_MISPREDICT_1_total_stddev,         -nan

FUTGSHARE_OFF_PATH_CORRECT_1_count,             0
FUTGSHARE_OFF_PATH_CORRECT_1_pct,         -nan
FUTGSHARE_OFF_PATH_CORRECT_1_total_count,             0
FUTGSHARE_OFF_PATH_CORRECT_1_total_pct,         -nan

FUTGSHARE_OFF_PATH_MISPREDICT_1_count,             0
FUTGSHARE_OFF_PATH_MISPREDICT_1_pct,         -nan
FUTGSHARE_OFF_PATH_MISPREDICT_1_total_count,             0
FUTGSHARE_OFF_PATH_MISPREDICT_1_total_pct,         -nan
FUTGSHARE_OFF_PATH_MISPREDICT_1_sum_count,             0
FUTGSHARE_OFF_PATH_MISPREDICT_1_sum_pct,         -nan
FUTGSHARE_OFF_PATH_MISPREDICT_1_sum_total_count,             0
FUTGSHARE_OFF_PATH_MISPREDICT_1_sum_total_pct,         -nan
FUTGSHARE_OFF_PATH_MISPREDICT_1_mean,         -nan
FUTGSHARE_OFF_PATH_MISPREDICT_1_stddev,         -nan
FUTGSHARE_OFF_PATH_MISPREDICT_1_total_mean,         -nan
FUTGSHARE_OFF_PATH_MISPREDICT_1_total_stddev,         -nan

FUTGSHARE_ON_PATH_CORRECT_2_count,             0
FUTGSHARE_ON_PATH_CORRECT_2_pct,         -nan
FUTGSHARE_ON_PATH_CORRECT_2_total_count,             0
FUTGSHARE_ON_PATH_CORRECT_2_total_pct,         -nan

FUTGSHARE_ON_PATH_MISPREDICT_2_count,             0
FUTGSHARE_ON_PATH_MISPREDICT_2_pct,         -nan
FUTGSHARE_ON_PATH_MISPREDICT_2_total_count,             0
FUTGSHARE_ON_PATH_MISPREDICT_2_total_pct,         -nan
FUTGSHARE_ON_PATH_MISPREDICT_2_sum_count,             0
FUTGSHARE_ON_PATH_MISPREDICT_2_sum_pct,         -nan
FUTGSHARE_ON_PATH_MISPREDICT_2_sum_total_count,             0
FUTGSHARE_ON_PATH_MISPREDICT_2_sum_total_pct,         -nan
FUTGSHARE_ON_PATH_MISPREDICT_2_mean,         -nan
FUTGSHARE_ON_PATH_MISPREDICT_2_stddev,         -nan
FUTGSHARE_ON_PATH_MISPREDICT_2_total_mean,         -nan
FUTGSHARE_ON_PATH_MISPREDICT_2_total_stddev,         -nan

FUTGSHARE_OFF_PATH_CORRECT_2_count,             0
FUTGSHARE_OFF_PATH_CORRECT_2_pct,         -nan
FUTGSHARE_OFF_PATH_CORRECT_2_total_count,             0
FUTGSHARE_OFF_PATH_CORRECT_2_total_pct,         -nan

FUTGSHARE_OFF_PATH_MISPREDICT_2_count,             0
FUTGSHARE_OFF_PATH_MISPREDICT_2_pct,         -nan
FUTGSHARE_OFF_PATH_MISPREDICT_2_total_count,             0
FUTGSHARE_OFF_PATH_MISPREDICT_2_total_pct,         -nan
FUTGSHARE_OFF_PATH_MISPREDICT_2_sum_count,             0
FUTGSHARE_OFF_PATH_MISPREDICT_2_sum_pct,         -nan
FUTGSHARE_OFF_PATH_MISPREDICT_2_sum_total_count,             0
FUTGSHARE_OFF_PATH_MISPREDICT_2_sum_total_pct,         -nan
FUTGSHARE_OFF_PATH_MISPREDICT_2_mean,         -nan
FUTGSHARE_OFF_PATH_MISPREDICT_2_stddev,         -nan
FUTGSHARE_OFF_PATH_MISPREDICT_2_total_mean,         -nan
FUTGSHARE_OFF_PATH_MISPREDICT_2_total_stddev,         -nan

FUTGSHARE_ON_PATH_CORRECT_3_count,             0
FUTGSHARE_ON_PATH_CORRECT_3_pct,         -nan
FUTGSHARE_ON_PATH_CORRECT_3_total_count,             0
FUTGSHARE_ON_PATH_CORRECT_3_total_pct,         -nan

FUTGSHARE_ON_PATH_MISPREDICT_3_count,             0
FUTGSHARE_ON_PATH_MISPREDICT_3_pct,         -nan
FUTGSHARE_ON_PATH_MISPREDICT_3_total_count,             0
FUTGSHARE_ON_PATH_MISPREDICT_3_total_pct,         -nan
FUTGSHARE_ON_PATH_MISPREDICT_3_sum_count,             0
FUTGSHARE_ON_PATH_MISPREDICT_3_sum_pct,         -nan
FUTGSHARE_ON_PATH_MISPREDICT_3_sum_total_count,             0
FUTGSHARE_ON_PATH_MISPREDICT_3_sum_total_pct,         -nan
FUTGSHARE_ON_PATH_MISPREDICT_3_mean,         -nan
FUTGSHARE_ON_PATH_MISPREDICT_3_stddev,         -nan
FUTGSHARE_ON_PATH_MISPREDICT_3_total_mean,         -nan
FUTGSHARE_ON_PATH_MISPREDICT_3_total_stddev,         -nan

FUTGSHARE_OFF_PATH_CORRECT_3_count,             0
FUTGSHARE_OFF_PATH_CORRECT_3_pct,         -nan
FUTGSHARE_OFF_PATH_CORRECT_3_total_count,             0
FUTGSHARE_OFF_PATH_CORRECT_3_total_pct,         -nan

FUTGSHARE_OFF_PATH_MISPREDICT_3_count,             0
FUTGSHARE_OFF_PATH_MISPREDICT_3_pct,         -nan
FUTGSHARE_OFF_PATH_MISPREDICT_3_total_count,             0
FUTGSHARE_OFF_PATH_MISPREDICT_3_total_pct,         -nan
FUTGSHARE_OFF_PATH_MISPREDICT_3_sum_count,             0
FUTGSHARE_OFF_PATH_MISPREDICT_3_sum_pct,         -nan
FUTGSHARE_OFF_PATH_MISPREDICT_3_sum_total_count,             0
FUTGSHARE_OFF_PATH_MISPREDICT_3_sum_total_pct,         -nan
FUTGSHARE_OFF_PATH_MISPREDICT_3_mean,         -nan
FUTGSHARE_OFF_PATH_MISPREDICT_3_stddev,         -nan
FUTGSHARE_OFF_PATH_MISPREDICT_3_total_mean,         -nan
FUTGSHARE_OFF_PATH_MISPREDICT_3_total_stddev,         -nan

FUTGSHARE_ON_PATH_CORRECT_4_count,             0
FUTGSHARE_ON_PATH_CORRECT_4_pct,         -nan
FUTGSHARE_ON_PATH_CORRECT_4_total_count,             0
FUTGSHARE_ON_PATH_CORRECT_4_total_pct,         -nan

FUTGSHARE_ON_PATH_MISPREDICT_4_count,             0
FUTGSHARE_ON_PATH_MISPREDICT_4_pct,         -nan
FUTGSHARE_ON_PATH_MISPREDICT_4_total_count,             0
FUTGSHARE_ON_PATH_MISPREDICT_4_total_pct,         -nan
FUTGSHARE_ON_PATH_MISPREDICT_4_sum_count,             0
FUTGSHARE_ON_PATH_MISPREDICT_4_sum_pct,         -nan
FUTGSHARE_ON_PATH_MISPREDICT_4_sum_total_count,             0
FUTGSHARE_ON_PATH_MISPREDICT_4_sum_total_pct,         -nan
FUTGSHARE_ON_PATH_MISPREDICT_4_mean,         -nan
FUTGSHARE_ON_PATH_MISPREDICT_4_stddev,         -nan
FUTGSHARE_ON_PATH_MISPREDICT_4_total_mean,         -nan
FUTGSHARE_ON_PATH_MISPREDICT_4_total_stddev,         -nan

FUTGSHARE_OFF_PATH_CORRECT_4_count,             0
FUTGSHARE_OFF_PATH_CORRECT_4_pct,         -nan
FUTGSHARE_OFF_PATH_CORRECT_4_total_count,             0
FUTGSHARE_OFF_PATH_CORRECT_4_total_pct,         -nan

FUTGSHARE_OFF_PATH_MISPREDICT_4_count,             0
FUTGSHARE_OFF_PATH_MISPREDICT_4_pct,         -nan
FUTGSHARE_OFF_PATH_MISPREDICT_4_total_count,             0
FUTGSHARE_OFF_PATH_MISPREDICT_4_total_pct,         -nan
FUTGSHARE_OFF_PATH_MISPREDICT_4_sum_count,             0
FUTGSHARE_OFF_PATH_MISPREDICT_4_sum_pct,         -nan
FUTGSHARE_OFF_PATH_MISPREDICT_4_sum_total_count,             0
FUTGSHARE_OFF_PATH_MISPREDICT_4_sum_total_pct,         -nan
FUTGSHARE_OFF_PATH_MISPREDICT_4_mean,         -nan
FUTGSHARE_OFF_PATH_MISPREDICT_4_stddev,         -nan
FUTGSHARE_OFF_PATH_MISPREDICT_4_total_mean,         -nan
FUTGSHARE_OFF_PATH_MISPREDICT_4_total_stddev,         -nan

FUTGSHARE_ON_PATH_CORRECT_5_count,             0
FUTGSHARE_ON_PATH_CORRECT_5_pct,         -nan
FUTGSHARE_ON_PATH_CORRECT_5_total_count,             0
FUTGSHARE_ON_PATH_CORRECT_5_total_pct,         -nan

FUTGSHARE_ON_PATH_MISPREDICT_5_count,             0
FUTGSHARE_ON_PATH_MISPREDICT_5_pct,         -nan
FUTGSHARE_ON_PATH_MISPREDICT_5_total_count,             0
FUTGSHARE_ON_PATH_MISPREDICT_5_total_pct,         -nan
FUTGSHARE_ON_PATH_MISPREDICT_5_sum_count,             0
FUTGSHARE_ON_PATH_MISPREDICT_5_sum_pct,         -nan
FUTGSHARE_ON_PATH_MISPREDICT_5_sum_total_count,             0
FUTGSHARE_ON_PATH_MISPREDICT_5_sum_total_pct,         -nan
FUTGSHARE_ON_PATH_MISPREDICT_5_mean,         -nan
FUTGSHARE_ON_PATH_MISPREDICT_5_stddev,         -nan
FUTGSHARE_ON_PATH_MISPREDICT_5_total_mean,         -nan
FUTGSHARE_ON_PATH_MISPREDICT_5_total_stddev,         -nan

FUTGSHARE_OFF_PATH_CORRECT_5_count,             0
FUTGSHARE_OFF_PATH_CORRECT_5_pct,         -nan
FUTGSHARE_OFF_PATH_CORRECT_5_total_count,             0
FUTGSHARE_OFF_PATH_CORRECT_5_total_pct,         -nan

FUTGSHARE_OFF_PATH_MISPREDICT_5_count,             0
FUTGSHARE_OFF_PATH_MISPREDICT_5_pct,         -nan
FUTGSHARE_OFF_PATH_MISPREDICT_5_total_count,             0
FUTGSHARE_OFF_PATH_MISPREDICT_5_total_pct,         -nan
FUTGSHARE_OFF_PATH_MISPREDICT_5_sum_count,             0
FUTGSHARE_OFF_PATH_MISPREDICT_5_sum_pct,         -nan
FUTGSHARE_OFF_PATH_MISPREDICT_5_sum_total_count,             0
FUTGSHARE_OFF_PATH_MISPREDICT_5_sum_total_pct,         -nan
FUTGSHARE_OFF_PATH_MISPREDICT_5_mean,         -nan
FUTGSHARE_OFF_PATH_MISPREDICT_5_stddev,         -nan
FUTGSHARE_OFF_PATH_MISPREDICT_5_total_mean,         -nan
FUTGSHARE_OFF_PATH_MISPREDICT_5_total_stddev,         -nan

FUTGSHARE_ON_PATH_CORRECT_6_count,             0
FUTGSHARE_ON_PATH_CORRECT_6_pct,         -nan
FUTGSHARE_ON_PATH_CORRECT_6_total_count,             0
FUTGSHARE_ON_PATH_CORRECT_6_total_pct,         -nan

FUTGSHARE_ON_PATH_MISPREDICT_6_count,             0
FUTGSHARE_ON_PATH_MISPREDICT_6_pct,         -nan
FUTGSHARE_ON_PATH_MISPREDICT_6_total_count,             0
FUTGSHARE_ON_PATH_MISPREDICT_6_total_pct,         -nan
FUTGSHARE_ON_PATH_MISPREDICT_6_sum_count,             0
FUTGSHARE_ON_PATH_MISPREDICT_6_sum_pct,         -nan
FUTGSHARE_ON_PATH_MISPREDICT_6_sum_total_count,             0
FUTGSHARE_ON_PATH_MISPREDICT_6_sum_total_pct,         -nan
FUTGSHARE_ON_PATH_MISPREDICT_6_mean,         -nan
FUTGSHARE_ON_PATH_MISPREDICT_6_stddev,         -nan
FUTGSHARE_ON_PATH_MISPREDICT_6_total_mean,         -nan
FUTGSHARE_ON_PATH_MISPREDICT_6_total_stddev,         -nan

FUTGSHARE_OFF_PATH_CORRECT_6_count,             0
FUTGSHARE_OFF_PATH_CORRECT_6_pct,         -nan
FUTGSHARE_OFF_PATH_CORRECT_6_total_count,             0
FUTGSHARE_OFF_PATH_CORRECT_6_total_pct,         -nan

FUTGSHARE_OFF_PATH_MISPREDICT_6_count,             0
FUTGSHARE_OFF_PATH_MISPREDICT_6_pct,         -nan
FUTGSHARE_OFF_PATH_MISPREDICT_6_total_count,             0
FUTGSHARE_OFF_PATH_MISPREDICT_6_total_pct,         -nan
FUTGSHARE_OFF_PATH_MISPREDICT_6_sum_count,             0
FUTGSHARE_OFF_PATH_MISPREDICT_6_sum_pct,         -nan
FUTGSHARE_OFF_PATH_MISPREDICT_6_sum_total_count,             0
FUTGSHARE_OFF_PATH_MISPREDICT_6_sum_total_pct,         -nan
FUTGSHARE_OFF_PATH_MISPREDICT_6_mean,         -nan
FUTGSHARE_OFF_PATH_MISPREDICT_6_stddev,         -nan
FUTGSHARE_OFF_PATH_MISPREDICT_6_total_mean,         -nan
FUTGSHARE_OFF_PATH_MISPREDICT_6_total_stddev,         -nan

FUTGSHARE_ON_PATH_CORRECT_7_count,             0
FUTGSHARE_ON_PATH_CORRECT_7_pct,         -nan
FUTGSHARE_ON_PATH_CORRECT_7_total_count,             0
FUTGSHARE_ON_PATH_CORRECT_7_total_pct,         -nan

FUTGSHARE_ON_PATH_MISPREDICT_7_count,             0
FUTGSHARE_ON_PATH_MISPREDICT_7_pct,         -nan
FUTGSHARE_ON_PATH_MISPREDICT_7_total_count,             0
FUTGSHARE_ON_PATH_MISPREDICT_7_total_pct,         -nan
FUTGSHARE_ON_PATH_MISPREDICT_7_sum_count,             0
FUTGSHARE_ON_PATH_MISPREDICT_7_sum_pct,         -nan
FUTGSHARE_ON_PATH_MISPREDICT_7_sum_total_count,             0
FUTGSHARE_ON_PATH_MISPREDICT_7_sum_total_pct,         -nan
FUTGSHARE_ON_PATH_MISPREDICT_7_mean,         -nan
FUTGSHARE_ON_PATH_MISPREDICT_7_stddev,         -nan
FUTGSHARE_ON_PATH_MISPREDICT_7_total_mean,         -nan
FUTGSHARE_ON_PATH_MISPREDICT_7_total_stddev,         -nan

FUTGSHARE_OFF_PATH_CORRECT_7_count,             0
FUTGSHARE_OFF_PATH_CORRECT_7_pct,         -nan
FUTGSHARE_OFF_PATH_CORRECT_7_total_count,             0
FUTGSHARE_OFF_PATH_CORRECT_7_total_pct,         -nan

FUTGSHARE_OFF_PATH_MISPREDICT_7_count,             0
FUTGSHARE_OFF_PATH_MISPREDICT_7_pct,         -nan
FUTGSHARE_OFF_PATH_MISPREDICT_7_total_count,             0
FUTGSHARE_OFF_PATH_MISPREDICT_7_total_pct,         -nan
FUTGSHARE_OFF_PATH_MISPREDICT_7_sum_count,             0
FUTGSHARE_OFF_PATH_MISPREDICT_7_sum_pct,         -nan
FUTGSHARE_OFF_PATH_MISPREDICT_7_sum_total_count,             0
FUTGSHARE_OFF_PATH_MISPREDICT_7_sum_total_pct,         -nan
FUTGSHARE_OFF_PATH_MISPREDICT_7_mean,         -nan
FUTGSHARE_OFF_PATH_MISPREDICT_7_stddev,         -nan
FUTGSHARE_OFF_PATH_MISPREDICT_7_total_mean,         -nan
FUTGSHARE_OFF_PATH_MISPREDICT_7_total_stddev,         -nan

FUTGSHARE_ON_PATH_CORRECT_8_count,             0
FUTGSHARE_ON_PATH_CORRECT_8_pct,         -nan
FUTGSHARE_ON_PATH_CORRECT_8_total_count,             0
FUTGSHARE_ON_PATH_CORRECT_8_total_pct,         -nan

FUTGSHARE_ON_PATH_MISPREDICT_8_count,             0
FUTGSHARE_ON_PATH_MISPREDICT_8_pct,         -nan
FUTGSHARE_ON_PATH_MISPREDICT_8_total_count,             0
FUTGSHARE_ON_PATH_MISPREDICT_8_total_pct,         -nan
FUTGSHARE_ON_PATH_MISPREDICT_8_sum_count,             0
FUTGSHARE_ON_PATH_MISPREDICT_8_sum_pct,         -nan
FUTGSHARE_ON_PATH_MISPREDICT_8_sum_total_count,             0
FUTGSHARE_ON_PATH_MISPREDICT_8_sum_total_pct,         -nan
FUTGSHARE_ON_PATH_MISPREDICT_8_mean,         -nan
FUTGSHARE_ON_PATH_MISPREDICT_8_stddev,         -nan
FUTGSHARE_ON_PATH_MISPREDICT_8_total_mean,         -nan
FUTGSHARE_ON_PATH_MISPREDICT_8_total_stddev,         -nan

FUTGSHARE_OFF_PATH_CORRECT_8_count,             0
FUTGSHARE_OFF_PATH_CORRECT_8_pct,         -nan
FUTGSHARE_OFF_PATH_CORRECT_8_total_count,             0
FUTGSHARE_OFF_PATH_CORRECT_8_total_pct,         -nan

FUTGSHARE_OFF_PATH_MISPREDICT_8_count,             0
FUTGSHARE_OFF_PATH_MISPREDICT_8_pct,         -nan
FUTGSHARE_OFF_PATH_MISPREDICT_8_total_count,             0
FUTGSHARE_OFF_PATH_MISPREDICT_8_total_pct,         -nan
FUTGSHARE_OFF_PATH_MISPREDICT_8_sum_count,             0
FUTGSHARE_OFF_PATH_MISPREDICT_8_sum_pct,         -nan
FUTGSHARE_OFF_PATH_MISPREDICT_8_sum_total_count,             0
FUTGSHARE_OFF_PATH_MISPREDICT_8_sum_total_pct,         -nan
FUTGSHARE_OFF_PATH_MISPREDICT_8_mean,         -nan
FUTGSHARE_OFF_PATH_MISPREDICT_8_stddev,         -nan
FUTGSHARE_OFF_PATH_MISPREDICT_8_total_mean,         -nan
FUTGSHARE_OFF_PATH_MISPREDICT_8_total_stddev,         -nan

FUTGSHARE_ON_PATH_CORRECT_9_count,             0
FUTGSHARE_ON_PATH_CORRECT_9_pct,         -nan
FUTGSHARE_ON_PATH_CORRECT_9_total_count,             0
FUTGSHARE_ON_PATH_CORRECT_9_total_pct,         -nan

FUTGSHARE_ON_PATH_MISPREDICT_9_count,             0
FUTGSHARE_ON_PATH_MISPREDICT_9_pct,         -nan
FUTGSHARE_ON_PATH_MISPREDICT_9_total_count,             0
FUTGSHARE_ON_PATH_MISPREDICT_9_total_pct,         -nan
FUTGSHARE_ON_PATH_MISPREDICT_9_sum_count,             0
FUTGSHARE_ON_PATH_MISPREDICT_9_sum_pct,         -nan
FUTGSHARE_ON_PATH_MISPREDICT_9_sum_total_count,             0
FUTGSHARE_ON_PATH_MISPREDICT_9_sum_total_pct,         -nan
FUTGSHARE_ON_PATH_MISPREDICT_9_mean,         -nan
FUTGSHARE_ON_PATH_MISPREDICT_9_stddev,         -nan
FUTGSHARE_ON_PATH_MISPREDICT_9_total_mean,         -nan
FUTGSHARE_ON_PATH_MISPREDICT_9_total_stddev,         -nan

FUTGSHARE_OFF_PATH_CORRECT_9_count,             0
FUTGSHARE_OFF_PATH_CORRECT_9_pct,         -nan
FUTGSHARE_OFF_PATH_CORRECT_9_total_count,             0
FUTGSHARE_OFF_PATH_CORRECT_9_total_pct,         -nan

FUTGSHARE_OFF_PATH_MISPREDICT_9_count,             0
FUTGSHARE_OFF_PATH_MISPREDICT_9_pct,         -nan
FUTGSHARE_OFF_PATH_MISPREDICT_9_total_count,             0
FUTGSHARE_OFF_PATH_MISPREDICT_9_total_pct,         -nan
FUTGSHARE_OFF_PATH_MISPREDICT_9_sum_count,             0
FUTGSHARE_OFF_PATH_MISPREDICT_9_sum_pct,         -nan
FUTGSHARE_OFF_PATH_MISPREDICT_9_sum_total_count,             0
FUTGSHARE_OFF_PATH_MISPREDICT_9_sum_total_pct,         -nan
FUTGSHARE_OFF_PATH_MISPREDICT_9_mean,         -nan
FUTGSHARE_OFF_PATH_MISPREDICT_9_stddev,         -nan
FUTGSHARE_OFF_PATH_MISPREDICT_9_total_mean,         -nan
FUTGSHARE_OFF_PATH_MISPREDICT_9_total_stddev,         -nan

FUTGSHARE_ON_PATH_CORRECT_10_count,             0
FUTGSHARE_ON_PATH_CORRECT_10_pct,         -nan
FUTGSHARE_ON_PATH_CORRECT_10_total_count,             0
FUTGSHARE_ON_PATH_CORRECT_10_total_pct,         -nan

FUTGSHARE_ON_PATH_MISPREDICT_10_count,             0
FUTGSHARE_ON_PATH_MISPREDICT_10_pct,         -nan
FUTGSHARE_ON_PATH_MISPREDICT_10_total_count,             0
FUTGSHARE_ON_PATH_MISPREDICT_10_total_pct,         -nan
FUTGSHARE_ON_PATH_MISPREDICT_10_sum_count,             0
FUTGSHARE_ON_PATH_MISPREDICT_10_sum_pct,         -nan
FUTGSHARE_ON_PATH_MISPREDICT_10_sum_total_count,             0
FUTGSHARE_ON_PATH_MISPREDICT_10_sum_total_pct,         -nan
FUTGSHARE_ON_PATH_MISPREDICT_10_mean,         -nan
FUTGSHARE_ON_PATH_MISPREDICT_10_stddev,         -nan
FUTGSHARE_ON_PATH_MISPREDICT_10_total_mean,         -nan
FUTGSHARE_ON_PATH_MISPREDICT_10_total_stddev,         -nan

FUTGSHARE_OFF_PATH_CORRECT_10_count,             0
FUTGSHARE_OFF_PATH_CORRECT_10_pct,         -nan
FUTGSHARE_OFF_PATH_CORRECT_10_total_count,             0
FUTGSHARE_OFF_PATH_CORRECT_10_total_pct,         -nan

FUTGSHARE_OFF_PATH_MISPREDICT_10_count,             0
FUTGSHARE_OFF_PATH_MISPREDICT_10_pct,         -nan
FUTGSHARE_OFF_PATH_MISPREDICT_10_total_count,             0
FUTGSHARE_OFF_PATH_MISPREDICT_10_total_pct,         -nan
FUTGSHARE_OFF_PATH_MISPREDICT_10_sum_count,             0
FUTGSHARE_OFF_PATH_MISPREDICT_10_sum_pct,         -nan
FUTGSHARE_OFF_PATH_MISPREDICT_10_sum_total_count,             0
FUTGSHARE_OFF_PATH_MISPREDICT_10_sum_total_pct,         -nan
FUTGSHARE_OFF_PATH_MISPREDICT_10_mean,         -nan
FUTGSHARE_OFF_PATH_MISPREDICT_10_stddev,         -nan
FUTGSHARE_OFF_PATH_MISPREDICT_10_total_mean,         -nan
FUTGSHARE_OFF_PATH_MISPREDICT_10_total_stddev,         -nan

FUTGSHARE_ON_PATH_CORRECT_11_count,             0
FUTGSHARE_ON_PATH_CORRECT_11_pct,         -nan
FUTGSHARE_ON_PATH_CORRECT_11_total_count,             0
FUTGSHARE_ON_PATH_CORRECT_11_total_pct,         -nan

FUTGSHARE_ON_PATH_MISPREDICT_11_count,             0
FUTGSHARE_ON_PATH_MISPREDICT_11_pct,         -nan
FUTGSHARE_ON_PATH_MISPREDICT_11_total_count,             0
FUTGSHARE_ON_PATH_MISPREDICT_11_total_pct,         -nan
FUTGSHARE_ON_PATH_MISPREDICT_11_sum_count,             0
FUTGSHARE_ON_PATH_MISPREDICT_11_sum_pct,         -nan
FUTGSHARE_ON_PATH_MISPREDICT_11_sum_total_count,             0
FUTGSHARE_ON_PATH_MISPREDICT_11_sum_total_pct,         -nan
FUTGSHARE_ON_PATH_MISPREDICT_11_mean,         -nan
FUTGSHARE_ON_PATH_MISPREDICT_11_stddev,         -nan
FUTGSHARE_ON_PATH_MISPREDICT_11_total_mean,         -nan
FUTGSHARE_ON_PATH_MISPREDICT_11_total_stddev,         -nan

FUTGSHARE_OFF_PATH_CORRECT_11_count,             0
FUTGSHARE_OFF_PATH_CORRECT_11_pct,         -nan
FUTGSHARE_OFF_PATH_CORRECT_11_total_count,             0
FUTGSHARE_OFF_PATH_CORRECT_11_total_pct,         -nan

FUTGSHARE_OFF_PATH_MISPREDICT_11_count,             0
FUTGSHARE_OFF_PATH_MISPREDICT_11_pct,         -nan
FUTGSHARE_OFF_PATH_MISPREDICT_11_total_count,             0
FUTGSHARE_OFF_PATH_MISPREDICT_11_total_pct,         -nan
FUTGSHARE_OFF_PATH_MISPREDICT_11_sum_count,             0
FUTGSHARE_OFF_PATH_MISPREDICT_11_sum_pct,         -nan
FUTGSHARE_OFF_PATH_MISPREDICT_11_sum_total_count,             0
FUTGSHARE_OFF_PATH_MISPREDICT_11_sum_total_pct,         -nan
FUTGSHARE_OFF_PATH_MISPREDICT_11_mean,         -nan
FUTGSHARE_OFF_PATH_MISPREDICT_11_stddev,         -nan
FUTGSHARE_OFF_PATH_MISPREDICT_11_total_mean,         -nan
FUTGSHARE_OFF_PATH_MISPREDICT_11_total_stddev,         -nan

FUTGSHARE_ON_PATH_CORRECT_12_count,             0
FUTGSHARE_ON_PATH_CORRECT_12_pct,         -nan
FUTGSHARE_ON_PATH_CORRECT_12_total_count,             0
FUTGSHARE_ON_PATH_CORRECT_12_total_pct,         -nan

FUTGSHARE_ON_PATH_MISPREDICT_12_count,             0
FUTGSHARE_ON_PATH_MISPREDICT_12_pct,         -nan
FUTGSHARE_ON_PATH_MISPREDICT_12_total_count,             0
FUTGSHARE_ON_PATH_MISPREDICT_12_total_pct,         -nan
FUTGSHARE_ON_PATH_MISPREDICT_12_sum_count,             0
FUTGSHARE_ON_PATH_MISPREDICT_12_sum_pct,         -nan
FUTGSHARE_ON_PATH_MISPREDICT_12_sum_total_count,             0
FUTGSHARE_ON_PATH_MISPREDICT_12_sum_total_pct,         -nan
FUTGSHARE_ON_PATH_MISPREDICT_12_mean,         -nan
FUTGSHARE_ON_PATH_MISPREDICT_12_stddev,         -nan
FUTGSHARE_ON_PATH_MISPREDICT_12_total_mean,         -nan
FUTGSHARE_ON_PATH_MISPREDICT_12_total_stddev,         -nan

FUTGSHARE_OFF_PATH_CORRECT_12_count,             0
FUTGSHARE_OFF_PATH_CORRECT_12_pct,         -nan
FUTGSHARE_OFF_PATH_CORRECT_12_total_count,             0
FUTGSHARE_OFF_PATH_CORRECT_12_total_pct,         -nan

FUTGSHARE_OFF_PATH_MISPREDICT_12_count,             0
FUTGSHARE_OFF_PATH_MISPREDICT_12_pct,         -nan
FUTGSHARE_OFF_PATH_MISPREDICT_12_total_count,             0
FUTGSHARE_OFF_PATH_MISPREDICT_12_total_pct,         -nan
FUTGSHARE_OFF_PATH_MISPREDICT_12_sum_count,             0
FUTGSHARE_OFF_PATH_MISPREDICT_12_sum_pct,         -nan
FUTGSHARE_OFF_PATH_MISPREDICT_12_sum_total_count,             0
FUTGSHARE_OFF_PATH_MISPREDICT_12_sum_total_pct,         -nan
FUTGSHARE_OFF_PATH_MISPREDICT_12_mean,         -nan
FUTGSHARE_OFF_PATH_MISPREDICT_12_stddev,         -nan
FUTGSHARE_OFF_PATH_MISPREDICT_12_total_mean,         -nan
FUTGSHARE_OFF_PATH_MISPREDICT_12_total_stddev,         -nan

FUTGSHARE_ON_PATH_CORRECT_13_count,             0
FUTGSHARE_ON_PATH_CORRECT_13_pct,         -nan
FUTGSHARE_ON_PATH_CORRECT_13_total_count,             0
FUTGSHARE_ON_PATH_CORRECT_13_total_pct,         -nan

FUTGSHARE_ON_PATH_MISPREDICT_13_count,             0
FUTGSHARE_ON_PATH_MISPREDICT_13_pct,         -nan
FUTGSHARE_ON_PATH_MISPREDICT_13_total_count,             0
FUTGSHARE_ON_PATH_MISPREDICT_13_total_pct,         -nan
FUTGSHARE_ON_PATH_MISPREDICT_13_sum_count,             0
FUTGSHARE_ON_PATH_MISPREDICT_13_sum_pct,         -nan
FUTGSHARE_ON_PATH_MISPREDICT_13_sum_total_count,             0
FUTGSHARE_ON_PATH_MISPREDICT_13_sum_total_pct,         -nan
FUTGSHARE_ON_PATH_MISPREDICT_13_mean,         -nan
FUTGSHARE_ON_PATH_MISPREDICT_13_stddev,         -nan
FUTGSHARE_ON_PATH_MISPREDICT_13_total_mean,         -nan
FUTGSHARE_ON_PATH_MISPREDICT_13_total_stddev,         -nan

FUTGSHARE_OFF_PATH_CORRECT_13_count,             0
FUTGSHARE_OFF_PATH_CORRECT_13_pct,         -nan
FUTGSHARE_OFF_PATH_CORRECT_13_total_count,             0
FUTGSHARE_OFF_PATH_CORRECT_13_total_pct,         -nan

FUTGSHARE_OFF_PATH_MISPREDICT_13_count,             0
FUTGSHARE_OFF_PATH_MISPREDICT_13_pct,         -nan
FUTGSHARE_OFF_PATH_MISPREDICT_13_total_count,             0
FUTGSHARE_OFF_PATH_MISPREDICT_13_total_pct,         -nan
FUTGSHARE_OFF_PATH_MISPREDICT_13_sum_count,             0
FUTGSHARE_OFF_PATH_MISPREDICT_13_sum_pct,         -nan
FUTGSHARE_OFF_PATH_MISPREDICT_13_sum_total_count,             0
FUTGSHARE_OFF_PATH_MISPREDICT_13_sum_total_pct,         -nan
FUTGSHARE_OFF_PATH_MISPREDICT_13_mean,         -nan
FUTGSHARE_OFF_PATH_MISPREDICT_13_stddev,         -nan
FUTGSHARE_OFF_PATH_MISPREDICT_13_total_mean,         -nan
FUTGSHARE_OFF_PATH_MISPREDICT_13_total_stddev,         -nan

FUTGSHARE_ON_PATH_CORRECT_14_count,             0
FUTGSHARE_ON_PATH_CORRECT_14_pct,         -nan
FUTGSHARE_ON_PATH_CORRECT_14_total_count,             0
FUTGSHARE_ON_PATH_CORRECT_14_total_pct,         -nan

FUTGSHARE_ON_PATH_MISPREDICT_14_count,             0
FUTGSHARE_ON_PATH_MISPREDICT_14_pct,         -nan
FUTGSHARE_ON_PATH_MISPREDICT_14_total_count,             0
FUTGSHARE_ON_PATH_MISPREDICT_14_total_pct,         -nan
FUTGSHARE_ON_PATH_MISPREDICT_14_sum_count,             0
FUTGSHARE_ON_PATH_MISPREDICT_14_sum_pct,         -nan
FUTGSHARE_ON_PATH_MISPREDICT_14_sum_total_count,             0
FUTGSHARE_ON_PATH_MISPREDICT_14_sum_total_pct,         -nan
FUTGSHARE_ON_PATH_MISPREDICT_14_mean,         -nan
FUTGSHARE_ON_PATH_MISPREDICT_14_stddev,         -nan
FUTGSHARE_ON_PATH_MISPREDICT_14_total_mean,         -nan
FUTGSHARE_ON_PATH_MISPREDICT_14_total_stddev,         -nan

FUTGSHARE_OFF_PATH_CORRECT_14_count,             0
FUTGSHARE_OFF_PATH_CORRECT_14_pct,         -nan
FUTGSHARE_OFF_PATH_CORRECT_14_total_count,             0
FUTGSHARE_OFF_PATH_CORRECT_14_total_pct,         -nan

FUTGSHARE_OFF_PATH_MISPREDICT_14_count,             0
FUTGSHARE_OFF_PATH_MISPREDICT_14_pct,         -nan
FUTGSHARE_OFF_PATH_MISPREDICT_14_total_count,             0
FUTGSHARE_OFF_PATH_MISPREDICT_14_total_pct,         -nan
FUTGSHARE_OFF_PATH_MISPREDICT_14_sum_count,             0
FUTGSHARE_OFF_PATH_MISPREDICT_14_sum_pct,         -nan
FUTGSHARE_OFF_PATH_MISPREDICT_14_sum_total_count,             0
FUTGSHARE_OFF_PATH_MISPREDICT_14_sum_total_pct,         -nan
FUTGSHARE_OFF_PATH_MISPREDICT_14_mean,         -nan
FUTGSHARE_OFF_PATH_MISPREDICT_14_stddev,         -nan
FUTGSHARE_OFF_PATH_MISPREDICT_14_total_mean,         -nan
FUTGSHARE_OFF_PATH_MISPREDICT_14_total_stddev,         -nan

FUTGSHARE_ON_PATH_CORRECT_15_count,             0
FUTGSHARE_ON_PATH_CORRECT_15_pct,         -nan
FUTGSHARE_ON_PATH_CORRECT_15_total_count,             0
FUTGSHARE_ON_PATH_CORRECT_15_total_pct,         -nan

FUTGSHARE_ON_PATH_MISPREDICT_15_count,             0
FUTGSHARE_ON_PATH_MISPREDICT_15_pct,         -nan
FUTGSHARE_ON_PATH_MISPREDICT_15_total_count,             0
FUTGSHARE_ON_PATH_MISPREDICT_15_total_pct,         -nan
FUTGSHARE_ON_PATH_MISPREDICT_15_sum_count,             0
FUTGSHARE_ON_PATH_MISPREDICT_15_sum_pct,         -nan
FUTGSHARE_ON_PATH_MISPREDICT_15_sum_total_count,             0
FUTGSHARE_ON_PATH_MISPREDICT_15_sum_total_pct,         -nan
FUTGSHARE_ON_PATH_MISPREDICT_15_mean,         -nan
FUTGSHARE_ON_PATH_MISPREDICT_15_stddev,         -nan
FUTGSHARE_ON_PATH_MISPREDICT_15_total_mean,         -nan
FUTGSHARE_ON_PATH_MISPREDICT_15_total_stddev,         -nan

FUTGSHARE_OFF_PATH_CORRECT_15_count,             0
FUTGSHARE_OFF_PATH_CORRECT_15_pct,         -nan
FUTGSHARE_OFF_PATH_CORRECT_15_total_count,             0
FUTGSHARE_OFF_PATH_CORRECT_15_total_pct,         -nan

FUTGSHARE_OFF_PATH_MISPREDICT_15_count,             0
FUTGSHARE_OFF_PATH_MISPREDICT_15_pct,         -nan
FUTGSHARE_OFF_PATH_MISPREDICT_15_total_count,             0
FUTGSHARE_OFF_PATH_MISPREDICT_15_total_pct,         -nan
FUTGSHARE_OFF_PATH_MISPREDICT_15_sum_count,             0
FUTGSHARE_OFF_PATH_MISPREDICT_15_sum_pct,         -nan
FUTGSHARE_OFF_PATH_MISPREDICT_15_sum_total_count,             0
FUTGSHARE_OFF_PATH_MISPREDICT_15_sum_total_pct,         -nan
FUTGSHARE_OFF_PATH_MISPREDICT_15_mean,         -nan
FUTGSHARE_OFF_PATH_MISPREDICT_15_stddev,         -nan
FUTGSHARE_OFF_PATH_MISPREDICT_15_total_mean,         -nan
FUTGSHARE_OFF_PATH_MISPREDICT_15_total_stddev,         -nan

FUTGSHARE_CHANGED_CORRECTED_ON_PATH_0_count,             0
FUTGSHARE_CHANGED_CORRECTED_ON_PATH_0_pct,         -nan
FUTGSHARE_CHANGED_CORRECTED_ON_PATH_0_total_count,             0
FUTGSHARE_CHANGED_CORRECTED_ON_PATH_0_total_pct,         -nan

FUTGSHARE_CHANGED_SCREWED_ON_PATH_0_count,             0
FUTGSHARE_CHANGED_SCREWED_ON_PATH_0_pct,         -nan
FUTGSHARE_CHANGED_SCREWED_ON_PATH_0_total_count,             0
FUTGSHARE_CHANGED_SCREWED_ON_PATH_0_total_pct,         -nan
FUTGSHARE_CHANGED_SCREWED_ON_PATH_0_sum_count,             0
FUTGSHARE_CHANGED_SCREWED_ON_PATH_0_sum_pct,         -nan
FUTGSHARE_CHANGED_SCREWED_ON_PATH_0_sum_total_count,             0
FUTGSHARE_CHANGED_SCREWED_ON_PATH_0_sum_total_pct,         -nan
FUTGSHARE_CHANGED_SCREWED_ON_PATH_0_mean,         -nan
FUTGSHARE_CHANGED_SCREWED_ON_PATH_0_stddev,         -nan
FUTGSHARE_CHANGED_SCREWED_ON_PATH_0_total_mean,         -nan
FUTGSHARE_CHANGED_SCREWED_ON_PATH_0_total_stddev,         -nan

FUTGSHARE_CHANGED_CORRECTED_OFF_PATH_0_count,             0
FUTGSHARE_CHANGED_CORRECTED_OFF_PATH_0_pct,         -nan
FUTGSHARE_CHANGED_CORRECTED_OFF_PATH_0_total_count,             0
FUTGSHARE_CHANGED_CORRECTED_OFF_PATH_0_total_pct,         -nan

FUTGSHARE_CHANGED_SCREWED_OFF_PATH_0_count,             0
FUTGSHARE_CHANGED_SCREWED_OFF_PATH_0_pct,         -nan
FUTGSHARE_CHANGED_SCREWED_OFF_PATH_0_total_count,             0
FUTGSHARE_CHANGED_SCREWED_OFF_PATH_0_total_pct,         -nan
FUTGSHARE_CHANGED_SCREWED_OFF_PATH_0_sum_count,             0
FUTGSHARE_CHANGED_SCREWED_OFF_PATH_0_sum_pct,         -nan
FUTGSHARE_CHANGED_SCREWED_OFF_PATH_0_sum_total_count,             0
FUTGSHARE_CHANGED_SCREWED_OFF_PATH_0_sum_total_pct,         -nan
FUTGSHARE_CHANGED_SCREWED_OFF_PATH_0_mean,         -nan
FUTGSHARE_CHANGED_SCREWED_OFF_PATH_0_stddev,         -nan
FUTGSHARE_CHANGED_SCREWED_OFF_PATH_0_total_mean,         -nan
FUTGSHARE_CHANGED_SCREWED_OFF_PATH_0_total_stddev,         -nan

FUTGSHARE_CHANGED_CORRECTED_ON_PATH_1_count,             0
FUTGSHARE_CHANGED_CORRECTED_ON_PATH_1_pct,         -nan
FUTGSHARE_CHANGED_CORRECTED_ON_PATH_1_total_count,             0
FUTGSHARE_CHANGED_CORRECTED_ON_PATH_1_total_pct,         -nan

FUTGSHARE_CHANGED_SCREWED_ON_PATH_1_count,             0
FUTGSHARE_CHANGED_SCREWED_ON_PATH_1_pct,         -nan
FUTGSHARE_CHANGED_SCREWED_ON_PATH_1_total_count,             0
FUTGSHARE_CHANGED_SCREWED_ON_PATH_1_total_pct,         -nan
FUTGSHARE_CHANGED_SCREWED_ON_PATH_1_sum_count,             0
FUTGSHARE_CHANGED_SCREWED_ON_PATH_1_sum_pct,         -nan
FUTGSHARE_CHANGED_SCREWED_ON_PATH_1_sum_total_count,             0
FUTGSHARE_CHANGED_SCREWED_ON_PATH_1_sum_total_pct,         -nan
FUTGSHARE_CHANGED_SCREWED_ON_PATH_1_mean,         -nan
FUTGSHARE_CHANGED_SCREWED_ON_PATH_1_stddev,         -nan
FUTGSHARE_CHANGED_SCREWED_ON_PATH_1_total_mean,         -nan
FUTGSHARE_CHANGED_SCREWED_ON_PATH_1_total_stddev,         -nan

FUTGSHARE_CHANGED_CORRECTED_OFF_PATH_1_count,             0
FUTGSHARE_CHANGED_CORRECTED_OFF_PATH_1_pct,         -nan
FUTGSHARE_CHANGED_CORRECTED_OFF_PATH_1_total_count,             0
FUTGSHARE_CHANGED_CORRECTED_OFF_PATH_1_total_pct,         -nan

FUTGSHARE_CHANGED_SCREWED_OFF_PATH_1_count,             0
FUTGSHARE_CHANGED_SCREWED_OFF_PATH_1_pct,         -nan
FUTGSHARE_CHANGED_SCREWED_OFF_PATH_1_total_count,             0
FUTGSHARE_CHANGED_SCREWED_OFF_PATH_1_total_pct,         -nan
FUTGSHARE_CHANGED_SCREWED_OFF_PATH_1_sum_count,             0
FUTGSHARE_CHANGED_SCREWED_OFF_PATH_1_sum_pct,         -nan
FUTGSHARE_CHANGED_SCREWED_OFF_PATH_1_sum_total_count,             0
FUTGSHARE_CHANGED_SCREWED_OFF_PATH_1_sum_total_pct,         -nan
FUTGSHARE_CHANGED_SCREWED_OFF_PATH_1_mean,         -nan
FUTGSHARE_CHANGED_SCREWED_OFF_PATH_1_stddev,         -nan
FUTGSHARE_CHANGED_SCREWED_OFF_PATH_1_total_mean,         -nan
FUTGSHARE_CHANGED_SCREWED_OFF_PATH_1_total_stddev,         -nan

FUTGSHARE_CHANGED_CORRECTED_ON_PATH_2_count,             0
FUTGSHARE_CHANGED_CORRECTED_ON_PATH_2_pct,         -nan
FUTGSHARE_CHANGED_CORRECTED_ON_PATH_2_total_count,             0
FUTGSHARE_CHANGED_CORRECTED_ON_PATH_2_total_pct,         -nan

FUTGSHARE_CHANGED_SCREWED_ON_PATH_2_count,             0
FUTGSHARE_CHANGED_SCREWED_ON_PATH_2_pct,         -nan
FUTGSHARE_CHANGED_SCREWED_ON_PATH_2_total_count,             0
FUTGSHARE_CHANGED_SCREWED_ON_PATH_2_total_pct,         -nan
FUTGSHARE_CHANGED_SCREWED_ON_PATH_2_sum_count,             0
FUTGSHARE_CHANGED_SCREWED_ON_PATH_2_sum_pct,         -nan
FUTGSHARE_CHANGED_SCREWED_ON_PATH_2_sum_total_count,             0
FUTGSHARE_CHANGED_SCREWED_ON_PATH_2_sum_total_pct,         -nan
FUTGSHARE_CHANGED_SCREWED_ON_PATH_2_mean,         -nan
FUTGSHARE_CHANGED_SCREWED_ON_PATH_2_stddev,         -nan
FUTGSHARE_CHANGED_SCREWED_ON_PATH_2_total_mean,         -nan
FUTGSHARE_CHANGED_SCREWED_ON_PATH_2_total_stddev,         -nan

FUTGSHARE_CHANGED_CORRECTED_OFF_PATH_2_count,             0
FUTGSHARE_CHANGED_CORRECTED_OFF_PATH_2_pct,         -nan
FUTGSHARE_CHANGED_CORRECTED_OFF_PATH_2_total_count,             0
FUTGSHARE_CHANGED_CORRECTED_OFF_PATH_2_total_pct,         -nan

FUTGSHARE_CHANGED_SCREWED_OFF_PATH_2_count,             0
FUTGSHARE_CHANGED_SCREWED_OFF_PATH_2_pct,         -nan
FUTGSHARE_CHANGED_SCREWED_OFF_PATH_2_total_count,             0
FUTGSHARE_CHANGED_SCREWED_OFF_PATH_2_total_pct,         -nan
FUTGSHARE_CHANGED_SCREWED_OFF_PATH_2_sum_count,             0
FUTGSHARE_CHANGED_SCREWED_OFF_PATH_2_sum_pct,         -nan
FUTGSHARE_CHANGED_SCREWED_OFF_PATH_2_sum_total_count,             0
FUTGSHARE_CHANGED_SCREWED_OFF_PATH_2_sum_total_pct,         -nan
FUTGSHARE_CHANGED_SCREWED_OFF_PATH_2_mean,         -nan
FUTGSHARE_CHANGED_SCREWED_OFF_PATH_2_stddev,         -nan
FUTGSHARE_CHANGED_SCREWED_OFF_PATH_2_total_mean,         -nan
FUTGSHARE_CHANGED_SCREWED_OFF_PATH_2_total_stddev,         -nan

FUTGSHARE_CHANGED_CORRECTED_ON_PATH_3_count,             0
FUTGSHARE_CHANGED_CORRECTED_ON_PATH_3_pct,         -nan
FUTGSHARE_CHANGED_CORRECTED_ON_PATH_3_total_count,             0
FUTGSHARE_CHANGED_CORRECTED_ON_PATH_3_total_pct,         -nan

FUTGSHARE_CHANGED_SCREWED_ON_PATH_3_count,             0
FUTGSHARE_CHANGED_SCREWED_ON_PATH_3_pct,         -nan
FUTGSHARE_CHANGED_SCREWED_ON_PATH_3_total_count,             0
FUTGSHARE_CHANGED_SCREWED_ON_PATH_3_total_pct,         -nan
FUTGSHARE_CHANGED_SCREWED_ON_PATH_3_sum_count,             0
FUTGSHARE_CHANGED_SCREWED_ON_PATH_3_sum_pct,         -nan
FUTGSHARE_CHANGED_SCREWED_ON_PATH_3_sum_total_count,             0
FUTGSHARE_CHANGED_SCREWED_ON_PATH_3_sum_total_pct,         -nan
FUTGSHARE_CHANGED_SCREWED_ON_PATH_3_mean,         -nan
FUTGSHARE_CHANGED_SCREWED_ON_PATH_3_stddev,         -nan
FUTGSHARE_CHANGED_SCREWED_ON_PATH_3_total_mean,         -nan
FUTGSHARE_CHANGED_SCREWED_ON_PATH_3_total_stddev,         -nan

FUTGSHARE_CHANGED_CORRECTED_OFF_PATH_3_count,             0
FUTGSHARE_CHANGED_CORRECTED_OFF_PATH_3_pct,         -nan
FUTGSHARE_CHANGED_CORRECTED_OFF_PATH_3_total_count,             0
FUTGSHARE_CHANGED_CORRECTED_OFF_PATH_3_total_pct,         -nan

FUTGSHARE_CHANGED_SCREWED_OFF_PATH_3_count,             0
FUTGSHARE_CHANGED_SCREWED_OFF_PATH_3_pct,         -nan
FUTGSHARE_CHANGED_SCREWED_OFF_PATH_3_total_count,             0
FUTGSHARE_CHANGED_SCREWED_OFF_PATH_3_total_pct,         -nan
FUTGSHARE_CHANGED_SCREWED_OFF_PATH_3_sum_count,             0
FUTGSHARE_CHANGED_SCREWED_OFF_PATH_3_sum_pct,         -nan
FUTGSHARE_CHANGED_SCREWED_OFF_PATH_3_sum_total_count,             0
FUTGSHARE_CHANGED_SCREWED_OFF_PATH_3_sum_total_pct,         -nan
FUTGSHARE_CHANGED_SCREWED_OFF_PATH_3_mean,         -nan
FUTGSHARE_CHANGED_SCREWED_OFF_PATH_3_stddev,         -nan
FUTGSHARE_CHANGED_SCREWED_OFF_PATH_3_total_mean,         -nan
FUTGSHARE_CHANGED_SCREWED_OFF_PATH_3_total_stddev,         -nan

FUTGSHARE_CHANGED_CORRECTED_ON_PATH_4_count,             0
FUTGSHARE_CHANGED_CORRECTED_ON_PATH_4_pct,         -nan
FUTGSHARE_CHANGED_CORRECTED_ON_PATH_4_total_count,             0
FUTGSHARE_CHANGED_CORRECTED_ON_PATH_4_total_pct,         -nan

FUTGSHARE_CHANGED_SCREWED_ON_PATH_4_count,             0
FUTGSHARE_CHANGED_SCREWED_ON_PATH_4_pct,         -nan
FUTGSHARE_CHANGED_SCREWED_ON_PATH_4_total_count,             0
FUTGSHARE_CHANGED_SCREWED_ON_PATH_4_total_pct,         -nan
FUTGSHARE_CHANGED_SCREWED_ON_PATH_4_sum_count,             0
FUTGSHARE_CHANGED_SCREWED_ON_PATH_4_sum_pct,         -nan
FUTGSHARE_CHANGED_SCREWED_ON_PATH_4_sum_total_count,             0
FUTGSHARE_CHANGED_SCREWED_ON_PATH_4_sum_total_pct,         -nan
FUTGSHARE_CHANGED_SCREWED_ON_PATH_4_mean,         -nan
FUTGSHARE_CHANGED_SCREWED_ON_PATH_4_stddev,         -nan
FUTGSHARE_CHANGED_SCREWED_ON_PATH_4_total_mean,         -nan
FUTGSHARE_CHANGED_SCREWED_ON_PATH_4_total_stddev,         -nan

FUTGSHARE_CHANGED_CORRECTED_OFF_PATH_4_count,             0
FUTGSHARE_CHANGED_CORRECTED_OFF_PATH_4_pct,         -nan
FUTGSHARE_CHANGED_CORRECTED_OFF_PATH_4_total_count,             0
FUTGSHARE_CHANGED_CORRECTED_OFF_PATH_4_total_pct,         -nan

FUTGSHARE_CHANGED_SCREWED_OFF_PATH_4_count,             0
FUTGSHARE_CHANGED_SCREWED_OFF_PATH_4_pct,         -nan
FUTGSHARE_CHANGED_SCREWED_OFF_PATH_4_total_count,             0
FUTGSHARE_CHANGED_SCREWED_OFF_PATH_4_total_pct,         -nan
FUTGSHARE_CHANGED_SCREWED_OFF_PATH_4_sum_count,             0
FUTGSHARE_CHANGED_SCREWED_OFF_PATH_4_sum_pct,         -nan
FUTGSHARE_CHANGED_SCREWED_OFF_PATH_4_sum_total_count,             0
FUTGSHARE_CHANGED_SCREWED_OFF_PATH_4_sum_total_pct,         -nan
FUTGSHARE_CHANGED_SCREWED_OFF_PATH_4_mean,         -nan
FUTGSHARE_CHANGED_SCREWED_OFF_PATH_4_stddev,         -nan
FUTGSHARE_CHANGED_SCREWED_OFF_PATH_4_total_mean,         -nan
FUTGSHARE_CHANGED_SCREWED_OFF_PATH_4_total_stddev,         -nan

FUTGSHARE_CHANGED_CORRECTED_ON_PATH_5_count,             0
FUTGSHARE_CHANGED_CORRECTED_ON_PATH_5_pct,         -nan
FUTGSHARE_CHANGED_CORRECTED_ON_PATH_5_total_count,             0
FUTGSHARE_CHANGED_CORRECTED_ON_PATH_5_total_pct,         -nan

FUTGSHARE_CHANGED_SCREWED_ON_PATH_5_count,             0
FUTGSHARE_CHANGED_SCREWED_ON_PATH_5_pct,         -nan
FUTGSHARE_CHANGED_SCREWED_ON_PATH_5_total_count,             0
FUTGSHARE_CHANGED_SCREWED_ON_PATH_5_total_pct,         -nan
FUTGSHARE_CHANGED_SCREWED_ON_PATH_5_sum_count,             0
FUTGSHARE_CHANGED_SCREWED_ON_PATH_5_sum_pct,         -nan
FUTGSHARE_CHANGED_SCREWED_ON_PATH_5_sum_total_count,             0
FUTGSHARE_CHANGED_SCREWED_ON_PATH_5_sum_total_pct,         -nan
FUTGSHARE_CHANGED_SCREWED_ON_PATH_5_mean,         -nan
FUTGSHARE_CHANGED_SCREWED_ON_PATH_5_stddev,         -nan
FUTGSHARE_CHANGED_SCREWED_ON_PATH_5_total_mean,         -nan
FUTGSHARE_CHANGED_SCREWED_ON_PATH_5_total_stddev,         -nan

FUTGSHARE_CHANGED_CORRECTED_OFF_PATH_5_count,             0
FUTGSHARE_CHANGED_CORRECTED_OFF_PATH_5_pct,         -nan
FUTGSHARE_CHANGED_CORRECTED_OFF_PATH_5_total_count,             0
FUTGSHARE_CHANGED_CORRECTED_OFF_PATH_5_total_pct,         -nan

FUTGSHARE_CHANGED_SCREWED_OFF_PATH_5_count,             0
FUTGSHARE_CHANGED_SCREWED_OFF_PATH_5_pct,         -nan
FUTGSHARE_CHANGED_SCREWED_OFF_PATH_5_total_count,             0
FUTGSHARE_CHANGED_SCREWED_OFF_PATH_5_total_pct,         -nan
FUTGSHARE_CHANGED_SCREWED_OFF_PATH_5_sum_count,             0
FUTGSHARE_CHANGED_SCREWED_OFF_PATH_5_sum_pct,         -nan
FUTGSHARE_CHANGED_SCREWED_OFF_PATH_5_sum_total_count,             0
FUTGSHARE_CHANGED_SCREWED_OFF_PATH_5_sum_total_pct,         -nan
FUTGSHARE_CHANGED_SCREWED_OFF_PATH_5_mean,         -nan
FUTGSHARE_CHANGED_SCREWED_OFF_PATH_5_stddev,         -nan
FUTGSHARE_CHANGED_SCREWED_OFF_PATH_5_total_mean,         -nan
FUTGSHARE_CHANGED_SCREWED_OFF_PATH_5_total_stddev,         -nan

FUTGSHARE_CHANGED_CORRECTED_ON_PATH_6_count,             0
FUTGSHARE_CHANGED_CORRECTED_ON_PATH_6_pct,         -nan
FUTGSHARE_CHANGED_CORRECTED_ON_PATH_6_total_count,             0
FUTGSHARE_CHANGED_CORRECTED_ON_PATH_6_total_pct,         -nan

FUTGSHARE_CHANGED_SCREWED_ON_PATH_6_count,             0
FUTGSHARE_CHANGED_SCREWED_ON_PATH_6_pct,         -nan
FUTGSHARE_CHANGED_SCREWED_ON_PATH_6_total_count,             0
FUTGSHARE_CHANGED_SCREWED_ON_PATH_6_total_pct,         -nan
FUTGSHARE_CHANGED_SCREWED_ON_PATH_6_sum_count,             0
FUTGSHARE_CHANGED_SCREWED_ON_PATH_6_sum_pct,         -nan
FUTGSHARE_CHANGED_SCREWED_ON_PATH_6_sum_total_count,             0
FUTGSHARE_CHANGED_SCREWED_ON_PATH_6_sum_total_pct,         -nan
FUTGSHARE_CHANGED_SCREWED_ON_PATH_6_mean,         -nan
FUTGSHARE_CHANGED_SCREWED_ON_PATH_6_stddev,         -nan
FUTGSHARE_CHANGED_SCREWED_ON_PATH_6_total_mean,         -nan
FUTGSHARE_CHANGED_SCREWED_ON_PATH_6_total_stddev,         -nan

FUTGSHARE_CHANGED_CORRECTED_OFF_PATH_6_count,             0
FUTGSHARE_CHANGED_CORRECTED_OFF_PATH_6_pct,         -nan
FUTGSHARE_CHANGED_CORRECTED_OFF_PATH_6_total_count,             0
FUTGSHARE_CHANGED_CORRECTED_OFF_PATH_6_total_pct,         -nan

FUTGSHARE_CHANGED_SCREWED_OFF_PATH_6_count,             0
FUTGSHARE_CHANGED_SCREWED_OFF_PATH_6_pct,         -nan
FUTGSHARE_CHANGED_SCREWED_OFF_PATH_6_total_count,             0
FUTGSHARE_CHANGED_SCREWED_OFF_PATH_6_total_pct,         -nan
FUTGSHARE_CHANGED_SCREWED_OFF_PATH_6_sum_count,             0
FUTGSHARE_CHANGED_SCREWED_OFF_PATH_6_sum_pct,         -nan
FUTGSHARE_CHANGED_SCREWED_OFF_PATH_6_sum_total_count,             0
FUTGSHARE_CHANGED_SCREWED_OFF_PATH_6_sum_total_pct,         -nan
FUTGSHARE_CHANGED_SCREWED_OFF_PATH_6_mean,         -nan
FUTGSHARE_CHANGED_SCREWED_OFF_PATH_6_stddev,         -nan
FUTGSHARE_CHANGED_SCREWED_OFF_PATH_6_total_mean,         -nan
FUTGSHARE_CHANGED_SCREWED_OFF_PATH_6_total_stddev,         -nan

FUTGSHARE_CHANGED_CORRECTED_ON_PATH_7_count,             0
FUTGSHARE_CHANGED_CORRECTED_ON_PATH_7_pct,         -nan
FUTGSHARE_CHANGED_CORRECTED_ON_PATH_7_total_count,             0
FUTGSHARE_CHANGED_CORRECTED_ON_PATH_7_total_pct,         -nan

FUTGSHARE_CHANGED_SCREWED_ON_PATH_7_count,             0
FUTGSHARE_CHANGED_SCREWED_ON_PATH_7_pct,         -nan
FUTGSHARE_CHANGED_SCREWED_ON_PATH_7_total_count,             0
FUTGSHARE_CHANGED_SCREWED_ON_PATH_7_total_pct,         -nan
FUTGSHARE_CHANGED_SCREWED_ON_PATH_7_sum_count,             0
FUTGSHARE_CHANGED_SCREWED_ON_PATH_7_sum_pct,         -nan
FUTGSHARE_CHANGED_SCREWED_ON_PATH_7_sum_total_count,             0
FUTGSHARE_CHANGED_SCREWED_ON_PATH_7_sum_total_pct,         -nan
FUTGSHARE_CHANGED_SCREWED_ON_PATH_7_mean,         -nan
FUTGSHARE_CHANGED_SCREWED_ON_PATH_7_stddev,         -nan
FUTGSHARE_CHANGED_SCREWED_ON_PATH_7_total_mean,         -nan
FUTGSHARE_CHANGED_SCREWED_ON_PATH_7_total_stddev,         -nan

FUTGSHARE_CHANGED_CORRECTED_OFF_PATH_7_count,             0
FUTGSHARE_CHANGED_CORRECTED_OFF_PATH_7_pct,         -nan
FUTGSHARE_CHANGED_CORRECTED_OFF_PATH_7_total_count,             0
FUTGSHARE_CHANGED_CORRECTED_OFF_PATH_7_total_pct,         -nan

FUTGSHARE_CHANGED_SCREWED_OFF_PATH_7_count,             0
FUTGSHARE_CHANGED_SCREWED_OFF_PATH_7_pct,         -nan
FUTGSHARE_CHANGED_SCREWED_OFF_PATH_7_total_count,             0
FUTGSHARE_CHANGED_SCREWED_OFF_PATH_7_total_pct,         -nan
FUTGSHARE_CHANGED_SCREWED_OFF_PATH_7_sum_count,             0
FUTGSHARE_CHANGED_SCREWED_OFF_PATH_7_sum_pct,         -nan
FUTGSHARE_CHANGED_SCREWED_OFF_PATH_7_sum_total_count,             0
FUTGSHARE_CHANGED_SCREWED_OFF_PATH_7_sum_total_pct,         -nan
FUTGSHARE_CHANGED_SCREWED_OFF_PATH_7_mean,         -nan
FUTGSHARE_CHANGED_SCREWED_OFF_PATH_7_stddev,         -nan
FUTGSHARE_CHANGED_SCREWED_OFF_PATH_7_total_mean,         -nan
FUTGSHARE_CHANGED_SCREWED_OFF_PATH_7_total_stddev,         -nan

FUTGSHARE_CHANGED_CORRECTED_ON_PATH_8_count,             0
FUTGSHARE_CHANGED_CORRECTED_ON_PATH_8_pct,         -nan
FUTGSHARE_CHANGED_CORRECTED_ON_PATH_8_total_count,             0
FUTGSHARE_CHANGED_CORRECTED_ON_PATH_8_total_pct,         -nan

FUTGSHARE_CHANGED_SCREWED_ON_PATH_8_count,             0
FUTGSHARE_CHANGED_SCREWED_ON_PATH_8_pct,         -nan
FUTGSHARE_CHANGED_SCREWED_ON_PATH_8_total_count,             0
FUTGSHARE_CHANGED_SCREWED_ON_PATH_8_total_pct,         -nan
FUTGSHARE_CHANGED_SCREWED_ON_PATH_8_sum_count,             0
FUTGSHARE_CHANGED_SCREWED_ON_PATH_8_sum_pct,         -nan
FUTGSHARE_CHANGED_SCREWED_ON_PATH_8_sum_total_count,             0
FUTGSHARE_CHANGED_SCREWED_ON_PATH_8_sum_total_pct,         -nan
FUTGSHARE_CHANGED_SCREWED_ON_PATH_8_mean,         -nan
FUTGSHARE_CHANGED_SCREWED_ON_PATH_8_stddev,         -nan
FUTGSHARE_CHANGED_SCREWED_ON_PATH_8_total_mean,         -nan
FUTGSHARE_CHANGED_SCREWED_ON_PATH_8_total_stddev,         -nan

FUTGSHARE_CHANGED_CORRECTED_OFF_PATH_8_count,             0
FUTGSHARE_CHANGED_CORRECTED_OFF_PATH_8_pct,         -nan
FUTGSHARE_CHANGED_CORRECTED_OFF_PATH_8_total_count,             0
FUTGSHARE_CHANGED_CORRECTED_OFF_PATH_8_total_pct,         -nan

FUTGSHARE_CHANGED_SCREWED_OFF_PATH_8_count,             0
FUTGSHARE_CHANGED_SCREWED_OFF_PATH_8_pct,         -nan
FUTGSHARE_CHANGED_SCREWED_OFF_PATH_8_total_count,             0
FUTGSHARE_CHANGED_SCREWED_OFF_PATH_8_total_pct,         -nan
FUTGSHARE_CHANGED_SCREWED_OFF_PATH_8_sum_count,             0
FUTGSHARE_CHANGED_SCREWED_OFF_PATH_8_sum_pct,         -nan
FUTGSHARE_CHANGED_SCREWED_OFF_PATH_8_sum_total_count,             0
FUTGSHARE_CHANGED_SCREWED_OFF_PATH_8_sum_total_pct,         -nan
FUTGSHARE_CHANGED_SCREWED_OFF_PATH_8_mean,         -nan
FUTGSHARE_CHANGED_SCREWED_OFF_PATH_8_stddev,         -nan
FUTGSHARE_CHANGED_SCREWED_OFF_PATH_8_total_mean,         -nan
FUTGSHARE_CHANGED_SCREWED_OFF_PATH_8_total_stddev,         -nan

FUTGSHARE_CHANGED_CORRECTED_ON_PATH_9_count,             0
FUTGSHARE_CHANGED_CORRECTED_ON_PATH_9_pct,         -nan
FUTGSHARE_CHANGED_CORRECTED_ON_PATH_9_total_count,             0
FUTGSHARE_CHANGED_CORRECTED_ON_PATH_9_total_pct,         -nan

FUTGSHARE_CHANGED_SCREWED_ON_PATH_9_count,             0
FUTGSHARE_CHANGED_SCREWED_ON_PATH_9_pct,         -nan
FUTGSHARE_CHANGED_SCREWED_ON_PATH_9_total_count,             0
FUTGSHARE_CHANGED_SCREWED_ON_PATH_9_total_pct,         -nan
FUTGSHARE_CHANGED_SCREWED_ON_PATH_9_sum_count,             0
FUTGSHARE_CHANGED_SCREWED_ON_PATH_9_sum_pct,         -nan
FUTGSHARE_CHANGED_SCREWED_ON_PATH_9_sum_total_count,             0
FUTGSHARE_CHANGED_SCREWED_ON_PATH_9_sum_total_pct,         -nan
FUTGSHARE_CHANGED_SCREWED_ON_PATH_9_mean,         -nan
FUTGSHARE_CHANGED_SCREWED_ON_PATH_9_stddev,         -nan
FUTGSHARE_CHANGED_SCREWED_ON_PATH_9_total_mean,         -nan
FUTGSHARE_CHANGED_SCREWED_ON_PATH_9_total_stddev,         -nan

FUTGSHARE_CHANGED_CORRECTED_OFF_PATH_9_count,             0
FUTGSHARE_CHANGED_CORRECTED_OFF_PATH_9_pct,         -nan
FUTGSHARE_CHANGED_CORRECTED_OFF_PATH_9_total_count,             0
FUTGSHARE_CHANGED_CORRECTED_OFF_PATH_9_total_pct,         -nan

FUTGSHARE_CHANGED_SCREWED_OFF_PATH_9_count,             0
FUTGSHARE_CHANGED_SCREWED_OFF_PATH_9_pct,         -nan
FUTGSHARE_CHANGED_SCREWED_OFF_PATH_9_total_count,             0
FUTGSHARE_CHANGED_SCREWED_OFF_PATH_9_total_pct,         -nan
FUTGSHARE_CHANGED_SCREWED_OFF_PATH_9_sum_count,             0
FUTGSHARE_CHANGED_SCREWED_OFF_PATH_9_sum_pct,         -nan
FUTGSHARE_CHANGED_SCREWED_OFF_PATH_9_sum_total_count,             0
FUTGSHARE_CHANGED_SCREWED_OFF_PATH_9_sum_total_pct,         -nan
FUTGSHARE_CHANGED_SCREWED_OFF_PATH_9_mean,         -nan
FUTGSHARE_CHANGED_SCREWED_OFF_PATH_9_stddev,         -nan
FUTGSHARE_CHANGED_SCREWED_OFF_PATH_9_total_mean,         -nan
FUTGSHARE_CHANGED_SCREWED_OFF_PATH_9_total_stddev,         -nan

FUTGSHARE_CHANGED_CORRECTED_ON_PATH_10_count,             0
FUTGSHARE_CHANGED_CORRECTED_ON_PATH_10_pct,         -nan
FUTGSHARE_CHANGED_CORRECTED_ON_PATH_10_total_count,             0
FUTGSHARE_CHANGED_CORRECTED_ON_PATH_10_total_pct,         -nan

FUTGSHARE_CHANGED_SCREWED_ON_PATH_10_count,             0
FUTGSHARE_CHANGED_SCREWED_ON_PATH_10_pct,         -nan
FUTGSHARE_CHANGED_SCREWED_ON_PATH_10_total_count,             0
FUTGSHARE_CHANGED_SCREWED_ON_PATH_10_total_pct,         -nan
FUTGSHARE_CHANGED_SCREWED_ON_PATH_10_sum_count,             0
FUTGSHARE_CHANGED_SCREWED_ON_PATH_10_sum_pct,         -nan
FUTGSHARE_CHANGED_SCREWED_ON_PATH_10_sum_total_count,             0
FUTGSHARE_CHANGED_SCREWED_ON_PATH_10_sum_total_pct,         -nan
FUTGSHARE_CHANGED_SCREWED_ON_PATH_10_mean,         -nan
FUTGSHARE_CHANGED_SCREWED_ON_PATH_10_stddev,         -nan
FUTGSHARE_CHANGED_SCREWED_ON_PATH_10_total_mean,         -nan
FUTGSHARE_CHANGED_SCREWED_ON_PATH_10_total_stddev,         -nan

FUTGSHARE_CHANGED_CORRECTED_OFF_PATH_10_count,             0
FUTGSHARE_CHANGED_CORRECTED_OFF_PATH_10_pct,         -nan
FUTGSHARE_CHANGED_CORRECTED_OFF_PATH_10_total_count,             0
FUTGSHARE_CHANGED_CORRECTED_OFF_PATH_10_total_pct,         -nan

FUTGSHARE_CHANGED_SCREWED_OFF_PATH_10_count,             0
FUTGSHARE_CHANGED_SCREWED_OFF_PATH_10_pct,         -nan
FUTGSHARE_CHANGED_SCREWED_OFF_PATH_10_total_count,             0
FUTGSHARE_CHANGED_SCREWED_OFF_PATH_10_total_pct,         -nan
FUTGSHARE_CHANGED_SCREWED_OFF_PATH_10_sum_count,             0
FUTGSHARE_CHANGED_SCREWED_OFF_PATH_10_sum_pct,         -nan
FUTGSHARE_CHANGED_SCREWED_OFF_PATH_10_sum_total_count,             0
FUTGSHARE_CHANGED_SCREWED_OFF_PATH_10_sum_total_pct,         -nan
FUTGSHARE_CHANGED_SCREWED_OFF_PATH_10_mean,         -nan
FUTGSHARE_CHANGED_SCREWED_OFF_PATH_10_stddev,         -nan
FUTGSHARE_CHANGED_SCREWED_OFF_PATH_10_total_mean,         -nan
FUTGSHARE_CHANGED_SCREWED_OFF_PATH_10_total_stddev,         -nan

FUTGSHARE_CHANGED_CORRECTED_ON_PATH_11_count,             0
FUTGSHARE_CHANGED_CORRECTED_ON_PATH_11_pct,         -nan
FUTGSHARE_CHANGED_CORRECTED_ON_PATH_11_total_count,             0
FUTGSHARE_CHANGED_CORRECTED_ON_PATH_11_total_pct,         -nan

FUTGSHARE_CHANGED_SCREWED_ON_PATH_11_count,             0
FUTGSHARE_CHANGED_SCREWED_ON_PATH_11_pct,         -nan
FUTGSHARE_CHANGED_SCREWED_ON_PATH_11_total_count,             0
FUTGSHARE_CHANGED_SCREWED_ON_PATH_11_total_pct,         -nan
FUTGSHARE_CHANGED_SCREWED_ON_PATH_11_sum_count,             0
FUTGSHARE_CHANGED_SCREWED_ON_PATH_11_sum_pct,         -nan
FUTGSHARE_CHANGED_SCREWED_ON_PATH_11_sum_total_count,             0
FUTGSHARE_CHANGED_SCREWED_ON_PATH_11_sum_total_pct,         -nan
FUTGSHARE_CHANGED_SCREWED_ON_PATH_11_mean,         -nan
FUTGSHARE_CHANGED_SCREWED_ON_PATH_11_stddev,         -nan
FUTGSHARE_CHANGED_SCREWED_ON_PATH_11_total_mean,         -nan
FUTGSHARE_CHANGED_SCREWED_ON_PATH_11_total_stddev,         -nan

FUTGSHARE_CHANGED_CORRECTED_OFF_PATH_11_count,             0
FUTGSHARE_CHANGED_CORRECTED_OFF_PATH_11_pct,         -nan
FUTGSHARE_CHANGED_CORRECTED_OFF_PATH_11_total_count,             0
FUTGSHARE_CHANGED_CORRECTED_OFF_PATH_11_total_pct,         -nan

FUTGSHARE_CHANGED_SCREWED_OFF_PATH_11_count,             0
FUTGSHARE_CHANGED_SCREWED_OFF_PATH_11_pct,         -nan
FUTGSHARE_CHANGED_SCREWED_OFF_PATH_11_total_count,             0
FUTGSHARE_CHANGED_SCREWED_OFF_PATH_11_total_pct,         -nan
FUTGSHARE_CHANGED_SCREWED_OFF_PATH_11_sum_count,             0
FUTGSHARE_CHANGED_SCREWED_OFF_PATH_11_sum_pct,         -nan
FUTGSHARE_CHANGED_SCREWED_OFF_PATH_11_sum_total_count,             0
FUTGSHARE_CHANGED_SCREWED_OFF_PATH_11_sum_total_pct,         -nan
FUTGSHARE_CHANGED_SCREWED_OFF_PATH_11_mean,         -nan
FUTGSHARE_CHANGED_SCREWED_OFF_PATH_11_stddev,         -nan
FUTGSHARE_CHANGED_SCREWED_OFF_PATH_11_total_mean,         -nan
FUTGSHARE_CHANGED_SCREWED_OFF_PATH_11_total_stddev,         -nan

FUTGSHARE_CHANGED_CORRECTED_ON_PATH_12_count,             0
FUTGSHARE_CHANGED_CORRECTED_ON_PATH_12_pct,         -nan
FUTGSHARE_CHANGED_CORRECTED_ON_PATH_12_total_count,             0
FUTGSHARE_CHANGED_CORRECTED_ON_PATH_12_total_pct,         -nan

FUTGSHARE_CHANGED_SCREWED_ON_PATH_12_count,             0
FUTGSHARE_CHANGED_SCREWED_ON_PATH_12_pct,         -nan
FUTGSHARE_CHANGED_SCREWED_ON_PATH_12_total_count,             0
FUTGSHARE_CHANGED_SCREWED_ON_PATH_12_total_pct,         -nan
FUTGSHARE_CHANGED_SCREWED_ON_PATH_12_sum_count,             0
FUTGSHARE_CHANGED_SCREWED_ON_PATH_12_sum_pct,         -nan
FUTGSHARE_CHANGED_SCREWED_ON_PATH_12_sum_total_count,             0
FUTGSHARE_CHANGED_SCREWED_ON_PATH_12_sum_total_pct,         -nan
FUTGSHARE_CHANGED_SCREWED_ON_PATH_12_mean,         -nan
FUTGSHARE_CHANGED_SCREWED_ON_PATH_12_stddev,         -nan
FUTGSHARE_CHANGED_SCREWED_ON_PATH_12_total_mean,         -nan
FUTGSHARE_CHANGED_SCREWED_ON_PATH_12_total_stddev,         -nan

FUTGSHARE_CHANGED_CORRECTED_OFF_PATH_12_count,             0
FUTGSHARE_CHANGED_CORRECTED_OFF_PATH_12_pct,         -nan
FUTGSHARE_CHANGED_CORRECTED_OFF_PATH_12_total_count,             0
FUTGSHARE_CHANGED_CORRECTED_OFF_PATH_12_total_pct,         -nan

FUTGSHARE_CHANGED_SCREWED_OFF_PATH_12_count,             0
FUTGSHARE_CHANGED_SCREWED_OFF_PATH_12_pct,         -nan
FUTGSHARE_CHANGED_SCREWED_OFF_PATH_12_total_count,             0
FUTGSHARE_CHANGED_SCREWED_OFF_PATH_12_total_pct,         -nan
FUTGSHARE_CHANGED_SCREWED_OFF_PATH_12_sum_count,             0
FUTGSHARE_CHANGED_SCREWED_OFF_PATH_12_sum_pct,         -nan
FUTGSHARE_CHANGED_SCREWED_OFF_PATH_12_sum_total_count,             0
FUTGSHARE_CHANGED_SCREWED_OFF_PATH_12_sum_total_pct,         -nan
FUTGSHARE_CHANGED_SCREWED_OFF_PATH_12_mean,         -nan
FUTGSHARE_CHANGED_SCREWED_OFF_PATH_12_stddev,         -nan
FUTGSHARE_CHANGED_SCREWED_OFF_PATH_12_total_mean,         -nan
FUTGSHARE_CHANGED_SCREWED_OFF_PATH_12_total_stddev,         -nan

FUTGSHARE_CHANGED_CORRECTED_ON_PATH_13_count,             0
FUTGSHARE_CHANGED_CORRECTED_ON_PATH_13_pct,         -nan
FUTGSHARE_CHANGED_CORRECTED_ON_PATH_13_total_count,             0
FUTGSHARE_CHANGED_CORRECTED_ON_PATH_13_total_pct,         -nan

FUTGSHARE_CHANGED_SCREWED_ON_PATH_13_count,             0
FUTGSHARE_CHANGED_SCREWED_ON_PATH_13_pct,         -nan
FUTGSHARE_CHANGED_SCREWED_ON_PATH_13_total_count,             0
FUTGSHARE_CHANGED_SCREWED_ON_PATH_13_total_pct,         -nan
FUTGSHARE_CHANGED_SCREWED_ON_PATH_13_sum_count,             0
FUTGSHARE_CHANGED_SCREWED_ON_PATH_13_sum_pct,         -nan
FUTGSHARE_CHANGED_SCREWED_ON_PATH_13_sum_total_count,             0
FUTGSHARE_CHANGED_SCREWED_ON_PATH_13_sum_total_pct,         -nan
FUTGSHARE_CHANGED_SCREWED_ON_PATH_13_mean,         -nan
FUTGSHARE_CHANGED_SCREWED_ON_PATH_13_stddev,         -nan
FUTGSHARE_CHANGED_SCREWED_ON_PATH_13_total_mean,         -nan
FUTGSHARE_CHANGED_SCREWED_ON_PATH_13_total_stddev,         -nan

FUTGSHARE_CHANGED_CORRECTED_OFF_PATH_13_count,             0
FUTGSHARE_CHANGED_CORRECTED_OFF_PATH_13_pct,         -nan
FUTGSHARE_CHANGED_CORRECTED_OFF_PATH_13_total_count,             0
FUTGSHARE_CHANGED_CORRECTED_OFF_PATH_13_total_pct,         -nan

FUTGSHARE_CHANGED_SCREWED_OFF_PATH_13_count,             0
FUTGSHARE_CHANGED_SCREWED_OFF_PATH_13_pct,         -nan
FUTGSHARE_CHANGED_SCREWED_OFF_PATH_13_total_count,             0
FUTGSHARE_CHANGED_SCREWED_OFF_PATH_13_total_pct,         -nan
FUTGSHARE_CHANGED_SCREWED_OFF_PATH_13_sum_count,             0
FUTGSHARE_CHANGED_SCREWED_OFF_PATH_13_sum_pct,         -nan
FUTGSHARE_CHANGED_SCREWED_OFF_PATH_13_sum_total_count,             0
FUTGSHARE_CHANGED_SCREWED_OFF_PATH_13_sum_total_pct,         -nan
FUTGSHARE_CHANGED_SCREWED_OFF_PATH_13_mean,         -nan
FUTGSHARE_CHANGED_SCREWED_OFF_PATH_13_stddev,         -nan
FUTGSHARE_CHANGED_SCREWED_OFF_PATH_13_total_mean,         -nan
FUTGSHARE_CHANGED_SCREWED_OFF_PATH_13_total_stddev,         -nan

FUTGSHARE_CHANGED_CORRECTED_ON_PATH_14_count,             0
FUTGSHARE_CHANGED_CORRECTED_ON_PATH_14_pct,         -nan
FUTGSHARE_CHANGED_CORRECTED_ON_PATH_14_total_count,             0
FUTGSHARE_CHANGED_CORRECTED_ON_PATH_14_total_pct,         -nan

FUTGSHARE_CHANGED_SCREWED_ON_PATH_14_count,             0
FUTGSHARE_CHANGED_SCREWED_ON_PATH_14_pct,         -nan
FUTGSHARE_CHANGED_SCREWED_ON_PATH_14_total_count,             0
FUTGSHARE_CHANGED_SCREWED_ON_PATH_14_total_pct,         -nan
FUTGSHARE_CHANGED_SCREWED_ON_PATH_14_sum_count,             0
FUTGSHARE_CHANGED_SCREWED_ON_PATH_14_sum_pct,         -nan
FUTGSHARE_CHANGED_SCREWED_ON_PATH_14_sum_total_count,             0
FUTGSHARE_CHANGED_SCREWED_ON_PATH_14_sum_total_pct,         -nan
FUTGSHARE_CHANGED_SCREWED_ON_PATH_14_mean,         -nan
FUTGSHARE_CHANGED_SCREWED_ON_PATH_14_stddev,         -nan
FUTGSHARE_CHANGED_SCREWED_ON_PATH_14_total_mean,         -nan
FUTGSHARE_CHANGED_SCREWED_ON_PATH_14_total_stddev,         -nan

FUTGSHARE_CHANGED_CORRECTED_OFF_PATH_14_count,             0
FUTGSHARE_CHANGED_CORRECTED_OFF_PATH_14_pct,         -nan
FUTGSHARE_CHANGED_CORRECTED_OFF_PATH_14_total_count,             0
FUTGSHARE_CHANGED_CORRECTED_OFF_PATH_14_total_pct,         -nan

FUTGSHARE_CHANGED_SCREWED_OFF_PATH_14_count,             0
FUTGSHARE_CHANGED_SCREWED_OFF_PATH_14_pct,         -nan
FUTGSHARE_CHANGED_SCREWED_OFF_PATH_14_total_count,             0
FUTGSHARE_CHANGED_SCREWED_OFF_PATH_14_total_pct,         -nan
FUTGSHARE_CHANGED_SCREWED_OFF_PATH_14_sum_count,             0
FUTGSHARE_CHANGED_SCREWED_OFF_PATH_14_sum_pct,         -nan
FUTGSHARE_CHANGED_SCREWED_OFF_PATH_14_sum_total_count,             0
FUTGSHARE_CHANGED_SCREWED_OFF_PATH_14_sum_total_pct,         -nan
FUTGSHARE_CHANGED_SCREWED_OFF_PATH_14_mean,         -nan
FUTGSHARE_CHANGED_SCREWED_OFF_PATH_14_stddev,         -nan
FUTGSHARE_CHANGED_SCREWED_OFF_PATH_14_total_mean,         -nan
FUTGSHARE_CHANGED_SCREWED_OFF_PATH_14_total_stddev,         -nan

FUTGSHARE_CHANGED_CORRECTED_ON_PATH_15_count,             0
FUTGSHARE_CHANGED_CORRECTED_ON_PATH_15_pct,         -nan
FUTGSHARE_CHANGED_CORRECTED_ON_PATH_15_total_count,             0
FUTGSHARE_CHANGED_CORRECTED_ON_PATH_15_total_pct,         -nan

FUTGSHARE_CHANGED_SCREWED_ON_PATH_15_count,             0
FUTGSHARE_CHANGED_SCREWED_ON_PATH_15_pct,         -nan
FUTGSHARE_CHANGED_SCREWED_ON_PATH_15_total_count,             0
FUTGSHARE_CHANGED_SCREWED_ON_PATH_15_total_pct,         -nan
FUTGSHARE_CHANGED_SCREWED_ON_PATH_15_sum_count,             0
FUTGSHARE_CHANGED_SCREWED_ON_PATH_15_sum_pct,         -nan
FUTGSHARE_CHANGED_SCREWED_ON_PATH_15_sum_total_count,             0
FUTGSHARE_CHANGED_SCREWED_ON_PATH_15_sum_total_pct,         -nan
FUTGSHARE_CHANGED_SCREWED_ON_PATH_15_mean,         -nan
FUTGSHARE_CHANGED_SCREWED_ON_PATH_15_stddev,         -nan
FUTGSHARE_CHANGED_SCREWED_ON_PATH_15_total_mean,         -nan
FUTGSHARE_CHANGED_SCREWED_ON_PATH_15_total_stddev,         -nan

FUTGSHARE_CHANGED_CORRECTED_OFF_PATH_15_count,             0
FUTGSHARE_CHANGED_CORRECTED_OFF_PATH_15_pct,         -nan
FUTGSHARE_CHANGED_CORRECTED_OFF_PATH_15_total_count,             0
FUTGSHARE_CHANGED_CORRECTED_OFF_PATH_15_total_pct,         -nan

FUTGSHARE_CHANGED_SCREWED_OFF_PATH_15_count,             0
FUTGSHARE_CHANGED_SCREWED_OFF_PATH_15_pct,         -nan
FUTGSHARE_CHANGED_SCREWED_OFF_PATH_15_total_count,             0
FUTGSHARE_CHANGED_SCREWED_OFF_PATH_15_total_pct,         -nan
FUTGSHARE_CHANGED_SCREWED_OFF_PATH_15_sum_count,             0
FUTGSHARE_CHANGED_SCREWED_OFF_PATH_15_sum_pct,         -nan
FUTGSHARE_CHANGED_SCREWED_OFF_PATH_15_sum_total_count,             0
FUTGSHARE_CHANGED_SCREWED_OFF_PATH_15_sum_total_pct,         -nan
FUTGSHARE_CHANGED_SCREWED_OFF_PATH_15_mean,         -nan
FUTGSHARE_CHANGED_SCREWED_OFF_PATH_15_stddev,         -nan
FUTGSHARE_CHANGED_SCREWED_OFF_PATH_15_total_mean,         -nan
FUTGSHARE_CHANGED_SCREWED_OFF_PATH_15_total_stddev,         -nan

FRAGHIST_BIN_0_count,             0
FRAGHIST_BIN_0_pct,         -nan
FRAGHIST_BIN_0_total_count,             0
FRAGHIST_BIN_0_total_pct,         -nan

FRAGHIST_BIN_1_count,             0
FRAGHIST_BIN_1_pct,         -nan
FRAGHIST_BIN_1_total_count,             0
FRAGHIST_BIN_1_total_pct,         -nan

FRAGHIST_BIN_2_count,             0
FRAGHIST_BIN_2_pct,         -nan
FRAGHIST_BIN_2_total_count,             0
FRAGHIST_BIN_2_total_pct,         -nan

FRAGHIST_BIN_3_count,             0
FRAGHIST_BIN_3_pct,         -nan
FRAGHIST_BIN_3_total_count,             0
FRAGHIST_BIN_3_total_pct,         -nan

FRAGHIST_BIN_4_count,             0
FRAGHIST_BIN_4_pct,         -nan
FRAGHIST_BIN_4_total_count,             0
FRAGHIST_BIN_4_total_pct,         -nan

FRAGHIST_BIN_5_count,             0
FRAGHIST_BIN_5_pct,         -nan
FRAGHIST_BIN_5_total_count,             0
FRAGHIST_BIN_5_total_pct,         -nan

FRAGHIST_BIN_6_count,             0
FRAGHIST_BIN_6_pct,         -nan
FRAGHIST_BIN_6_total_count,             0
FRAGHIST_BIN_6_total_pct,         -nan

FRAGHIST_BIN_7_count,             0
FRAGHIST_BIN_7_pct,         -nan
FRAGHIST_BIN_7_total_count,             0
FRAGHIST_BIN_7_total_pct,         -nan

FRAGHIST_BIN_8_count,             0
FRAGHIST_BIN_8_pct,         -nan
FRAGHIST_BIN_8_total_count,             0
FRAGHIST_BIN_8_total_pct,         -nan

FRAGHIST_BIN_9_count,             0
FRAGHIST_BIN_9_pct,         -nan
FRAGHIST_BIN_9_total_count,             0
FRAGHIST_BIN_9_total_pct,         -nan

FRAGHIST_BIN_10_count,             0
FRAGHIST_BIN_10_pct,         -nan
FRAGHIST_BIN_10_total_count,             0
FRAGHIST_BIN_10_total_pct,         -nan

FRAGHIST_BIN_11_count,             0
FRAGHIST_BIN_11_pct,         -nan
FRAGHIST_BIN_11_total_count,             0
FRAGHIST_BIN_11_total_pct,         -nan

FRAGHIST_BIN_12_count,             0
FRAGHIST_BIN_12_pct,         -nan
FRAGHIST_BIN_12_total_count,             0
FRAGHIST_BIN_12_total_pct,         -nan

FRAGHIST_BIN_13_count,             0
FRAGHIST_BIN_13_pct,         -nan
FRAGHIST_BIN_13_total_count,             0
FRAGHIST_BIN_13_total_pct,         -nan

FRAGHIST_BIN_14_count,             0
FRAGHIST_BIN_14_pct,         -nan
FRAGHIST_BIN_14_total_count,             0
FRAGHIST_BIN_14_total_pct,         -nan

FRAGHIST_BIN_15_count,             0
FRAGHIST_BIN_15_pct,         -nan
FRAGHIST_BIN_15_total_count,             0
FRAGHIST_BIN_15_total_pct,         -nan

FRAGHIST_BIN_16_count,             0
FRAGHIST_BIN_16_pct,         -nan
FRAGHIST_BIN_16_total_count,             0
FRAGHIST_BIN_16_total_pct,         -nan

FRAGHIST_BIN_17_count,             0
FRAGHIST_BIN_17_pct,         -nan
FRAGHIST_BIN_17_total_count,             0
FRAGHIST_BIN_17_total_pct,         -nan

FRAGHIST_BIN_18_count,             0
FRAGHIST_BIN_18_pct,         -nan
FRAGHIST_BIN_18_total_count,             0
FRAGHIST_BIN_18_total_pct,         -nan

FRAGHIST_BIN_19_count,             0
FRAGHIST_BIN_19_pct,         -nan
FRAGHIST_BIN_19_total_count,             0
FRAGHIST_BIN_19_total_pct,         -nan

FRAGHIST_BIN_20_count,             0
FRAGHIST_BIN_20_pct,         -nan
FRAGHIST_BIN_20_total_count,             0
FRAGHIST_BIN_20_total_pct,         -nan

FRAGHIST_BIN_21_count,             0
FRAGHIST_BIN_21_pct,         -nan
FRAGHIST_BIN_21_total_count,             0
FRAGHIST_BIN_21_total_pct,         -nan

FRAGHIST_BIN_22_count,             0
FRAGHIST_BIN_22_pct,         -nan
FRAGHIST_BIN_22_total_count,             0
FRAGHIST_BIN_22_total_pct,         -nan

FRAGHIST_BIN_23_count,             0
FRAGHIST_BIN_23_pct,         -nan
FRAGHIST_BIN_23_total_count,             0
FRAGHIST_BIN_23_total_pct,         -nan

FRAGHIST_BIN_24_count,             0
FRAGHIST_BIN_24_pct,         -nan
FRAGHIST_BIN_24_total_count,             0
FRAGHIST_BIN_24_total_pct,         -nan

FRAGHIST_BIN_25_count,             0
FRAGHIST_BIN_25_pct,         -nan
FRAGHIST_BIN_25_total_count,             0
FRAGHIST_BIN_25_total_pct,         -nan

FRAGHIST_BIN_26_count,             0
FRAGHIST_BIN_26_pct,         -nan
FRAGHIST_BIN_26_total_count,             0
FRAGHIST_BIN_26_total_pct,         -nan

FRAGHIST_BIN_27_count,             0
FRAGHIST_BIN_27_pct,         -nan
FRAGHIST_BIN_27_total_count,             0
FRAGHIST_BIN_27_total_pct,         -nan

FRAGHIST_BIN_28_count,             0
FRAGHIST_BIN_28_pct,         -nan
FRAGHIST_BIN_28_total_count,             0
FRAGHIST_BIN_28_total_pct,         -nan

FRAGHIST_BIN_29_count,             0
FRAGHIST_BIN_29_pct,         -nan
FRAGHIST_BIN_29_total_count,             0
FRAGHIST_BIN_29_total_pct,         -nan

FRAGHIST_BIN_30_count,             0
FRAGHIST_BIN_30_pct,         -nan
FRAGHIST_BIN_30_total_count,             0
FRAGHIST_BIN_30_total_pct,         -nan

FRAGHIST_BIN_31_count,             0
FRAGHIST_BIN_31_pct,         -nan
FRAGHIST_BIN_31_total_count,             0
FRAGHIST_BIN_31_total_pct,         -nan

FRAGHIST_BIN_32_count,             0
FRAGHIST_BIN_32_pct,         -nan
FRAGHIST_BIN_32_total_count,             0
FRAGHIST_BIN_32_total_pct,         -nan
FRAGHIST_BIN_32_sum_count,             0
FRAGHIST_BIN_32_sum_pct,         -nan
FRAGHIST_BIN_32_sum_total_count,             0
FRAGHIST_BIN_32_sum_total_pct,         -nan
FRAGHIST_BIN_32_mean,         -nan
FRAGHIST_BIN_32_stddev,         -nan
FRAGHIST_BIN_32_total_mean,         -nan
FRAGHIST_BIN_32_total_stddev,         -nan

CF_BR_USED_TARGET_CORRECT_count,             0
CF_BR_USED_TARGET_CORRECT_pct,        0.000
CF_BR_USED_TARGET_CORRECT_total_count,             0
CF_BR_USED_TARGET_CORRECT_total_pct,        0.000

CF_BR_USED_TARGET_INCORRECT_count,             0
CF_BR_USED_TARGET_INCORRECT_pct,        0.000
CF_BR_USED_TARGET_INCORRECT_total_count,             0
CF_BR_USED_TARGET_INCORRECT_total_pct,        0.000

CF_CBR_USED_TARGET_CORRECT_count,        413489
CF_CBR_USED_TARGET_CORRECT_pct,       99.998
CF_CBR_USED_TARGET_CORRECT_total_count,        827035
CF_CBR_USED_TARGET_CORRECT_total_pct,       99.997

CF_CBR_USED_TARGET_INCORRECT_count,            10
CF_CBR_USED_TARGET_INCORRECT_pct,        0.002
CF_CBR_USED_TARGET_INCORRECT_total_count,            28
CF_CBR_USED_TARGET_INCORRECT_total_pct,        0.003

CF_CALL_USED_TARGET_CORRECT_count,             0
CF_CALL_USED_TARGET_CORRECT_pct,        0.000
CF_CALL_USED_TARGET_CORRECT_total_count,             0
CF_CALL_USED_TARGET_CORRECT_total_pct,        0.000

CF_CALL_USED_TARGET_INCORRECT_count,             0
CF_CALL_USED_TARGET_INCORRECT_pct,        0.000
CF_CALL_USED_TARGET_INCORRECT_total_count,             0
CF_CALL_USED_TARGET_INCORRECT_total_pct,        0.000

CF_IBR_USED_TARGET_CORRECT_count,             0
CF_IBR_USED_TARGET_CORRECT_pct,        0.000
CF_IBR_USED_TARGET_CORRECT_total_count,             0
CF_IBR_USED_TARGET_CORRECT_total_pct,        0.000

CF_IBR_USED_TARGET_INCORRECT_count,             0
CF_IBR_USED_TARGET_INCORRECT_pct,        0.000
CF_IBR_USED_TARGET_INCORRECT_total_count,             0
CF_IBR_USED_TARGET_INCORRECT_total_pct,        0.000

CF_ICALL_USED_TARGET_CORRECT_count,             0
CF_ICALL_USED_TARGET_CORRECT_pct,        0.000
CF_ICALL_USED_TARGET_CORRECT_total_count,             0
CF_ICALL_USED_TARGET_CORRECT_total_pct,        0.000

CF_ICALL_USED_TARGET_INCORRECT_count,             0
CF_ICALL_USED_TARGET_INCORRECT_pct,        0.000
CF_ICALL_USED_TARGET_INCORRECT_total_count,             0
CF_ICALL_USED_TARGET_INCORRECT_total_pct,        0.000

CF_ICO_USED_TARGET_CORRECT_count,             0
CF_ICO_USED_TARGET_CORRECT_pct,        0.000
CF_ICO_USED_TARGET_CORRECT_total_count,             0
CF_ICO_USED_TARGET_CORRECT_total_pct,        0.000

CF_ICO_USED_TARGET_INCORRECT_count,             0
CF_ICO_USED_TARGET_INCORRECT_pct,        0.000
CF_ICO_USED_TARGET_INCORRECT_total_count,             0
CF_ICO_USED_TARGET_INCORRECT_total_pct,        0.000

CF_RET_USED_TARGET_CORRECT_count,             0
CF_RET_USED_TARGET_CORRECT_pct,        0.000
CF_RET_USED_TARGET_CORRECT_total_count,             0
CF_RET_USED_TARGET_CORRECT_total_pct,        0.000

CF_RET_USED_TARGET_INCORRECT_count,             0
CF_RET_USED_TARGET_INCORRECT_pct,        0.000
CF_RET_USED_TARGET_INCORRECT_total_count,             0
CF_RET_USED_TARGET_INCORRECT_total_pct,        0.000

CF_DEFAULT_USED_TARGET_CORRECT_count,             0
CF_DEFAULT_USED_TARGET_CORRECT_pct,        0.000
CF_DEFAULT_USED_TARGET_CORRECT_total_count,             0
CF_DEFAULT_USED_TARGET_CORRECT_total_pct,        0.000

CF_DEFAULT_USED_TARGET_INCORRECT_count,             0
CF_DEFAULT_USED_TARGET_INCORRECT_pct,        0.000
CF_DEFAULT_USED_TARGET_INCORRECT_total_count,             0
CF_DEFAULT_USED_TARGET_INCORRECT_total_pct,        0.000
CF_DEFAULT_USED_TARGET_INCORRECT_sum_count,        413499
CF_DEFAULT_USED_TARGET_INCORRECT_sum_pct,      100.000
CF_DEFAULT_USED_TARGET_INCORRECT_sum_total_count,        827063
CF_DEFAULT_USED_TARGET_INCORRECT_sum_total_pct,      100.000
CF_DEFAULT_USED_TARGET_INCORRECT_mean,         2.00
CF_DEFAULT_USED_TARGET_INCORRECT_stddev,         0.00
CF_DEFAULT_USED_TARGET_INCORRECT_total_mean,         2.00
CF_DEFAULT_USED_TARGET_INCORRECT_total_stddev,         0.01

BTB_UPDATE_BTB_MISS_count,             4
BTB_UPDATE_BTB_MISS_pct,      100.000
BTB_UPDATE_BTB_MISS_total_count,            22
BTB_UPDATE_BTB_MISS_total_pct,      100.000

BTB_UPDATE_BTB_HIT_TAKEN_count,             0
BTB_UPDATE_BTB_HIT_TAKEN_pct,        0.000
BTB_UPDATE_BTB_HIT_TAKEN_total_count,             0
BTB_UPDATE_BTB_HIT_TAKEN_total_pct,        0.000
BTB_UPDATE_BTB_HIT_TAKEN_sum_count,             4
BTB_UPDATE_BTB_HIT_TAKEN_sum_pct,      100.000
BTB_UPDATE_BTB_HIT_TAKEN_sum_total_count,            22
BTB_UPDATE_BTB_HIT_TAKEN_sum_total_pct,      100.000
BTB_UPDATE_BTB_HIT_TAKEN_mean,         0.00
BTB_UPDATE_BTB_HIT_TAKEN_stddev,         0.00
BTB_UPDATE_BTB_HIT_TAKEN_total_mean,         0.00
BTB_UPDATE_BTB_HIT_TAKEN_total_stddev,         0.00

BTB_UPDATE_BTB_HIT_JITTED_NOT_CF_count,             0
BTB_UPDATE_BTB_HIT_JITTED_NOT_CF_pct,         -nan
BTB_UPDATE_BTB_HIT_JITTED_NOT_CF_total_count,             0
BTB_UPDATE_BTB_HIT_JITTED_NOT_CF_total_pct,         -nan

BTB_UPDATE_BTB_HIT_JITTED_CF_BR_count,             0
BTB_UPDATE_BTB_HIT_JITTED_CF_BR_pct,         -nan
BTB_UPDATE_BTB_HIT_JITTED_CF_BR_total_count,             0
BTB_UPDATE_BTB_HIT_JITTED_CF_BR_total_pct,         -nan

BTB_UPDATE_BTB_HIT_JITTED_CF_CBR_count,             0
BTB_UPDATE_BTB_HIT_JITTED_CF_CBR_pct,         -nan
BTB_UPDATE_BTB_HIT_JITTED_CF_CBR_total_count,             0
BTB_UPDATE_BTB_HIT_JITTED_CF_CBR_total_pct,         -nan

BTB_UPDATE_BTB_HIT_JITTED_CF_CALL_count,             0
BTB_UPDATE_BTB_HIT_JITTED_CF_CALL_pct,         -nan
BTB_UPDATE_BTB_HIT_JITTED_CF_CALL_total_count,             0
BTB_UPDATE_BTB_HIT_JITTED_CF_CALL_total_pct,         -nan

BTB_UPDATE_BTB_HIT_JITTED_CF_IBR_count,             0
BTB_UPDATE_BTB_HIT_JITTED_CF_IBR_pct,         -nan
BTB_UPDATE_BTB_HIT_JITTED_CF_IBR_total_count,             0
BTB_UPDATE_BTB_HIT_JITTED_CF_IBR_total_pct,         -nan

BTB_UPDATE_BTB_HIT_JITTED_CF_ICALL_count,             0
BTB_UPDATE_BTB_HIT_JITTED_CF_ICALL_pct,         -nan
BTB_UPDATE_BTB_HIT_JITTED_CF_ICALL_total_count,             0
BTB_UPDATE_BTB_HIT_JITTED_CF_ICALL_total_pct,         -nan

BTB_UPDATE_BTB_HIT_JITTED_CF_ICO_count,             0
BTB_UPDATE_BTB_HIT_JITTED_CF_ICO_pct,         -nan
BTB_UPDATE_BTB_HIT_JITTED_CF_ICO_total_count,             0
BTB_UPDATE_BTB_HIT_JITTED_CF_ICO_total_pct,         -nan

BTB_UPDATE_BTB_HIT_JITTED_CF_RET_count,             0
BTB_UPDATE_BTB_HIT_JITTED_CF_RET_pct,         -nan
BTB_UPDATE_BTB_HIT_JITTED_CF_RET_total_count,             0
BTB_UPDATE_BTB_HIT_JITTED_CF_RET_total_pct,         -nan
BTB_UPDATE_BTB_HIT_JITTED_CF_RET_sum_count,             0
BTB_UPDATE_BTB_HIT_JITTED_CF_RET_sum_pct,         -nan
BTB_UPDATE_BTB_HIT_JITTED_CF_RET_sum_total_count,             0
BTB_UPDATE_BTB_HIT_JITTED_CF_RET_sum_total_pct,         -nan
BTB_UPDATE_BTB_HIT_JITTED_CF_RET_mean,         -nan
BTB_UPDATE_BTB_HIT_JITTED_CF_RET_stddev,         -nan
BTB_UPDATE_BTB_HIT_JITTED_CF_RET_total_mean,         -nan
BTB_UPDATE_BTB_HIT_JITTED_CF_RET_total_stddev,         -nan

RESTEER_BTB_MISS_NOT_CF_count,             0
RESTEER_BTB_MISS_NOT_CF_pct,        0.000
RESTEER_BTB_MISS_NOT_CF_total_count,             0
RESTEER_BTB_MISS_NOT_CF_total_pct,        0.000

RESTEER_BTB_MISS_CF_BR_count,             0
RESTEER_BTB_MISS_CF_BR_pct,        0.000
RESTEER_BTB_MISS_CF_BR_total_count,             0
RESTEER_BTB_MISS_CF_BR_total_pct,        0.000

RESTEER_BTB_MISS_CF_CBR_count,             0
RESTEER_BTB_MISS_CF_CBR_pct,        0.000
RESTEER_BTB_MISS_CF_CBR_total_count,             0
RESTEER_BTB_MISS_CF_CBR_total_pct,        0.000

RESTEER_BTB_MISS_CF_CALL_count,             0
RESTEER_BTB_MISS_CF_CALL_pct,        0.000
RESTEER_BTB_MISS_CF_CALL_total_count,             0
RESTEER_BTB_MISS_CF_CALL_total_pct,        0.000

RESTEER_BTB_MISS_CF_IBR_count,             0
RESTEER_BTB_MISS_CF_IBR_pct,        0.000
RESTEER_BTB_MISS_CF_IBR_total_count,             0
RESTEER_BTB_MISS_CF_IBR_total_pct,        0.000

RESTEER_BTB_MISS_CF_ICALL_count,             0
RESTEER_BTB_MISS_CF_ICALL_pct,        0.000
RESTEER_BTB_MISS_CF_ICALL_total_count,             0
RESTEER_BTB_MISS_CF_ICALL_total_pct,        0.000

RESTEER_BTB_MISS_CF_ICO_count,             0
RESTEER_BTB_MISS_CF_ICO_pct,        0.000
RESTEER_BTB_MISS_CF_ICO_total_count,             0
RESTEER_BTB_MISS_CF_ICO_total_pct,        0.000

RESTEER_BTB_MISS_CF_RET_count,             0
RESTEER_BTB_MISS_CF_RET_pct,        0.000
RESTEER_BTB_MISS_CF_RET_total_count,             0
RESTEER_BTB_MISS_CF_RET_total_pct,        0.000

RESTEER_MISPRED_NOT_CF_count,             0
RESTEER_MISPRED_NOT_CF_pct,        0.000
RESTEER_MISPRED_NOT_CF_total_count,             0
RESTEER_MISPRED_NOT_CF_total_pct,        0.000

RESTEER_MISPRED_CF_BR_count,             0
RESTEER_MISPRED_CF_BR_pct,        0.000
RESTEER_MISPRED_CF_BR_total_count,             0
RESTEER_MISPRED_CF_BR_total_pct,        0.000

RESTEER_MISPRED_CF_CBR_count,            23
RESTEER_MISPRED_CF_CBR_pct,      100.000
RESTEER_MISPRED_CF_CBR_total_count,            60
RESTEER_MISPRED_CF_CBR_total_pct,       96.774

RESTEER_MISPRED_CF_CALL_count,             0
RESTEER_MISPRED_CF_CALL_pct,        0.000
RESTEER_MISPRED_CF_CALL_total_count,             0
RESTEER_MISPRED_CF_CALL_total_pct,        0.000

RESTEER_MISPRED_CF_IBR_count,             0
RESTEER_MISPRED_CF_IBR_pct,        0.000
RESTEER_MISPRED_CF_IBR_total_count,             0
RESTEER_MISPRED_CF_IBR_total_pct,        0.000

RESTEER_MISPRED_CF_ICALL_count,             0
RESTEER_MISPRED_CF_ICALL_pct,        0.000
RESTEER_MISPRED_CF_ICALL_total_count,             0
RESTEER_MISPRED_CF_ICALL_total_pct,        0.000

RESTEER_MISPRED_CF_ICO_count,             0
RESTEER_MISPRED_CF_ICO_pct,        0.000
RESTEER_MISPRED_CF_ICO_total_count,             0
RESTEER_MISPRED_CF_ICO_total_pct,        0.000

RESTEER_MISPRED_CF_RET_count,             0
RESTEER_MISPRED_CF_RET_pct,        0.000
RESTEER_MISPRED_CF_RET_total_count,             0
RESTEER_MISPRED_CF_RET_total_pct,        0.000

RESTEER_MISFETCH_NOT_CF_count,             0
RESTEER_MISFETCH_NOT_CF_pct,        0.000
RESTEER_MISFETCH_NOT_CF_total_count,             0
RESTEER_MISFETCH_NOT_CF_total_pct,        0.000

RESTEER_MISFETCH_CF_BR_count,             0
RESTEER_MISFETCH_CF_BR_pct,        0.000
RESTEER_MISFETCH_CF_BR_total_count,             0
RESTEER_MISFETCH_CF_BR_total_pct,        0.000

RESTEER_MISFETCH_CF_CBR_count,             0
RESTEER_MISFETCH_CF_CBR_pct,        0.000
RESTEER_MISFETCH_CF_CBR_total_count,             2
RESTEER_MISFETCH_CF_CBR_total_pct,        3.226

RESTEER_MISFETCH_CF_CALL_count,             0
RESTEER_MISFETCH_CF_CALL_pct,        0.000
RESTEER_MISFETCH_CF_CALL_total_count,             0
RESTEER_MISFETCH_CF_CALL_total_pct,        0.000

RESTEER_MISFETCH_CF_IBR_count,             0
RESTEER_MISFETCH_CF_IBR_pct,        0.000
RESTEER_MISFETCH_CF_IBR_total_count,             0
RESTEER_MISFETCH_CF_IBR_total_pct,        0.000

RESTEER_MISFETCH_CF_ICALL_count,             0
RESTEER_MISFETCH_CF_ICALL_pct,        0.000
RESTEER_MISFETCH_CF_ICALL_total_count,             0
RESTEER_MISFETCH_CF_ICALL_total_pct,        0.000

RESTEER_MISFETCH_CF_ICO_count,             0
RESTEER_MISFETCH_CF_ICO_pct,        0.000
RESTEER_MISFETCH_CF_ICO_total_count,             0
RESTEER_MISFETCH_CF_ICO_total_pct,        0.000

RESTEER_MISFETCH_CF_RET_count,             0
RESTEER_MISFETCH_CF_RET_pct,        0.000
RESTEER_MISFETCH_CF_RET_total_count,             0
RESTEER_MISFETCH_CF_RET_total_pct,        0.000

RESTEER_NO_TARGET_CF_IBR_count,             0
RESTEER_NO_TARGET_CF_IBR_pct,        0.000
RESTEER_NO_TARGET_CF_IBR_total_count,             0
RESTEER_NO_TARGET_CF_IBR_total_pct,        0.000

RESTEER_NO_TARGET_CF_ICALL_count,             0
RESTEER_NO_TARGET_CF_ICALL_pct,        0.000
RESTEER_NO_TARGET_CF_ICALL_total_count,             0
RESTEER_NO_TARGET_CF_ICALL_total_pct,        0.000

RESTEER_NO_TARGET_CF_ICO_count,             0
RESTEER_NO_TARGET_CF_ICO_pct,        0.000
RESTEER_NO_TARGET_CF_ICO_total_count,             0
RESTEER_NO_TARGET_CF_ICO_total_pct,        0.000

RESTEER_NO_TARGET_CF_RET_count,             0
RESTEER_NO_TARGET_CF_RET_pct,        0.000
RESTEER_NO_TARGET_CF_RET_total_count,             0
RESTEER_NO_TARGET_CF_RET_total_pct,        0.000
RESTEER_NO_TARGET_CF_RET_sum_count,            23
RESTEER_NO_TARGET_CF_RET_sum_pct,      100.000
RESTEER_NO_TARGET_CF_RET_sum_total_count,            62
RESTEER_NO_TARGET_CF_RET_sum_total_pct,      100.000
RESTEER_NO_TARGET_CF_RET_mean,        10.00
RESTEER_NO_TARGET_CF_RET_stddev,         0.00
RESTEER_NO_TARGET_CF_RET_total_mean,        10.26
RESTEER_NO_TARGET_CF_RET_total_stddev,         1.43

CBR_CORRECT_count,        420359
CBR_CORRECT_pct,       33.373
CBR_CORRECT_total_count,        840827
CBR_CORRECT_total_pct,       33.373

CBR_CORRECT_BTB_MISS_NT_NT_count,        839210
CBR_CORRECT_BTB_MISS_NT_NT_pct,       66.626
CBR_CORRECT_BTB_MISS_NT_NT_total_count,       1678623
CBR_CORRECT_BTB_MISS_NT_NT_total_pct,       66.625

CBR_RECOVER_MISPREDICT_count,            21
CBR_RECOVER_MISPREDICT_pct,        0.002
CBR_RECOVER_MISPREDICT_total_count,            43
CBR_RECOVER_MISPREDICT_total_pct,        0.002

CBR_RECOVER_MISFETCH_count,             0
CBR_RECOVER_MISFETCH_pct,        0.000
CBR_RECOVER_MISFETCH_total_count,             0
CBR_RECOVER_MISFETCH_total_pct,        0.000

CBR_RECOVER_BTB_MISS_T_T_count,             0
CBR_RECOVER_BTB_MISS_T_T_pct,        0.000
CBR_RECOVER_BTB_MISS_T_T_total_count,             0
CBR_RECOVER_BTB_MISS_T_T_total_pct,        0.000

CBR_RECOVER_BTB_MISS_T_NT_count,             0
CBR_RECOVER_BTB_MISS_T_NT_pct,        0.000
CBR_RECOVER_BTB_MISS_T_NT_total_count,             2
CBR_RECOVER_BTB_MISS_T_NT_total_pct,        0.000

CBR_RECOVER_BTB_MISS_NT_T_count,             2
CBR_RECOVER_BTB_MISS_NT_T_pct,        0.000
CBR_RECOVER_BTB_MISS_NT_T_total_count,            17
CBR_RECOVER_BTB_MISS_NT_T_total_pct,        0.001
CBR_RECOVER_BTB_MISS_NT_T_sum_count,       1259592
CBR_RECOVER_BTB_MISS_NT_T_sum_pct,      100.000
CBR_RECOVER_BTB_MISS_NT_T_sum_total_count,       2519512
CBR_RECOVER_BTB_MISS_NT_T_sum_total_pct,      100.000
CBR_RECOVER_BTB_MISS_NT_T_mean,         0.67
CBR_RECOVER_BTB_MISS_NT_T_stddev,         0.27
CBR_RECOVER_BTB_MISS_NT_T_total_mean,         0.67
CBR_RECOVER_BTB_MISS_NT_T_total_stddev,         0.27

BR_CORRECT_count,             0
BR_CORRECT_pct,         -nan
BR_CORRECT_total_count,             0
BR_CORRECT_total_pct,         -nan

BR_RECOVER_count,             0
BR_RECOVER_pct,         -nan
BR_RECOVER_total_count,             0
BR_RECOVER_total_pct,         -nan
BR_RECOVER_sum_count,             0
BR_RECOVER_sum_pct,         -nan
BR_RECOVER_sum_total_count,             0
BR_RECOVER_sum_total_pct,         -nan
BR_RECOVER_mean,         -nan
BR_RECOVER_stddev,         -nan
BR_RECOVER_total_mean,         -nan
BR_RECOVER_total_stddev,         -nan

ICALL_CORRECT_IBTB_count,             0
ICALL_CORRECT_IBTB_pct,         -nan
ICALL_CORRECT_IBTB_total_count,             0
ICALL_CORRECT_IBTB_total_pct,         -nan

ICALL_CORRECT_BTB_count,             0
ICALL_CORRECT_BTB_pct,         -nan
ICALL_CORRECT_BTB_total_count,             0
ICALL_CORRECT_BTB_total_pct,         -nan

ICALL_RECOVER_IBTB_MISFETCH_count,             0
ICALL_RECOVER_IBTB_MISFETCH_pct,         -nan
ICALL_RECOVER_IBTB_MISFETCH_total_count,             0
ICALL_RECOVER_IBTB_MISFETCH_total_pct,         -nan

ICALL_RECOVER_BTB_MISFETCH_count,             0
ICALL_RECOVER_BTB_MISFETCH_pct,         -nan
ICALL_RECOVER_BTB_MISFETCH_total_count,             0
ICALL_RECOVER_BTB_MISFETCH_total_pct,         -nan

ICALL_RECOVER_XBTB_MISS_count,             0
ICALL_RECOVER_XBTB_MISS_pct,         -nan
ICALL_RECOVER_XBTB_MISS_total_count,             0
ICALL_RECOVER_XBTB_MISS_total_pct,         -nan
ICALL_RECOVER_XBTB_MISS_sum_count,             0
ICALL_RECOVER_XBTB_MISS_sum_pct,         -nan
ICALL_RECOVER_XBTB_MISS_sum_total_count,             0
ICALL_RECOVER_XBTB_MISS_sum_total_pct,         -nan
ICALL_RECOVER_XBTB_MISS_mean,         -nan
ICALL_RECOVER_XBTB_MISS_stddev,         -nan
ICALL_RECOVER_XBTB_MISS_total_mean,         -nan
ICALL_RECOVER_XBTB_MISS_total_stddev,         -nan

IBR_CORRECT_IBTB_count,             0
IBR_CORRECT_IBTB_pct,         -nan
IBR_CORRECT_IBTB_total_count,             0
IBR_CORRECT_IBTB_total_pct,         -nan

IBR_CORRECT_BTB_count,             0
IBR_CORRECT_BTB_pct,         -nan
IBR_CORRECT_BTB_total_count,             0
IBR_CORRECT_BTB_total_pct,         -nan

IBR_RECOVER_IBTB_MISFETCH_count,             0
IBR_RECOVER_IBTB_MISFETCH_pct,         -nan
IBR_RECOVER_IBTB_MISFETCH_total_count,             0
IBR_RECOVER_IBTB_MISFETCH_total_pct,         -nan

IBR_RECOVER_BTB_MISFETCH_count,             0
IBR_RECOVER_BTB_MISFETCH_pct,         -nan
IBR_RECOVER_BTB_MISFETCH_total_count,             0
IBR_RECOVER_BTB_MISFETCH_total_pct,         -nan

IBR_RECOVER_XBTB_MISS_count,             0
IBR_RECOVER_XBTB_MISS_pct,         -nan
IBR_RECOVER_XBTB_MISS_total_count,             0
IBR_RECOVER_XBTB_MISS_total_pct,         -nan
IBR_RECOVER_XBTB_MISS_sum_count,             0
IBR_RECOVER_XBTB_MISS_sum_pct,         -nan
IBR_RECOVER_XBTB_MISS_sum_total_count,             0
IBR_RECOVER_XBTB_MISS_sum_total_pct,         -nan
IBR_RECOVER_XBTB_MISS_mean,         -nan
IBR_RECOVER_XBTB_MISS_stddev,         -nan
IBR_RECOVER_XBTB_MISS_total_mean,         -nan
IBR_RECOVER_XBTB_MISS_total_stddev,         -nan

ICO_CORRECT_count,             0
ICO_CORRECT_pct,         -nan
ICO_CORRECT_total_count,             0
ICO_CORRECT_total_pct,         -nan

ICO_RECOVER_count,             0
ICO_RECOVER_pct,         -nan
ICO_RECOVER_total_count,             0
ICO_RECOVER_total_pct,         -nan
ICO_RECOVER_sum_count,             0
ICO_RECOVER_sum_pct,         -nan
ICO_RECOVER_sum_total_count,             0
ICO_RECOVER_sum_total_pct,         -nan
ICO_RECOVER_mean,         -nan
ICO_RECOVER_stddev,         -nan
ICO_RECOVER_total_mean,         -nan
ICO_RECOVER_total_stddev,         -nan

RET_CORRECT_count,             0
RET_CORRECT_pct,         -nan
RET_CORRECT_total_count,             0
RET_CORRECT_total_pct,         -nan

RET_RECOVER_count,             0
RET_RECOVER_pct,         -nan
RET_RECOVER_total_count,             0
RET_RECOVER_total_pct,         -nan

RET_RECOVER_UFLOW_count,             0
RET_RECOVER_UFLOW_pct,         -nan
RET_RECOVER_UFLOW_total_count,             0
RET_RECOVER_UFLOW_total_pct,         -nan
RET_RECOVER_UFLOW_sum_count,             0
RET_RECOVER_UFLOW_sum_pct,         -nan
RET_RECOVER_UFLOW_sum_total_count,             0
RET_RECOVER_UFLOW_sum_total_pct,         -nan
RET_RECOVER_UFLOW_mean,         -nan
RET_RECOVER_UFLOW_stddev,         -nan
RET_RECOVER_UFLOW_total_mean,         -nan
RET_RECOVER_UFLOW_total_stddev,         -nan

CALL_CORRECT_count,             0
CALL_CORRECT_pct,         -nan
CALL_CORRECT_total_count,             0
CALL_CORRECT_total_pct,         -nan

CALL_RECOVER_count,             0
CALL_RECOVER_pct,         -nan
CALL_RECOVER_total_count,             0
CALL_RECOVER_total_pct,         -nan
CALL_RECOVER_sum_count,             0
CALL_RECOVER_sum_pct,         -nan
CALL_RECOVER_sum_total_count,             0
CALL_RECOVER_sum_total_pct,         -nan
CALL_RECOVER_mean,         -nan
CALL_RECOVER_stddev,         -nan
CALL_RECOVER_total_mean,         -nan
CALL_RECOVER_total_stddev,         -nan

BTB_CORRECT_count,        420380
BTB_CORRECT_pct,       33.374
BTB_CORRECT_total_count,        840870
BTB_CORRECT_total_pct,       33.374

BTB_INCORRECT_BUT_TARGET_CORRECT_count,             0
BTB_INCORRECT_BUT_TARGET_CORRECT_pct,        0.000
BTB_INCORRECT_BUT_TARGET_CORRECT_total_count,             0
BTB_INCORRECT_BUT_TARGET_CORRECT_total_pct,        0.000

BTB_INCORRECT_count,        839212
BTB_INCORRECT_pct,       66.626
BTB_INCORRECT_total_count,       1678642
BTB_INCORRECT_total_pct,       66.626
BTB_INCORRECT_sum_count,       1259592
BTB_INCORRECT_sum_pct,      100.000
BTB_INCORRECT_sum_total_count,       2519512
BTB_INCORRECT_sum_total_pct,      100.000
BTB_INCORRECT_mean,         1.33
BTB_INCORRECT_stddev,         1.22
BTB_INCORRECT_total_mean,         1.33
BTB_INCORRECT_total_stddev,         1.22

IBTB_CORRECT_count,             0
IBTB_CORRECT_pct,         -nan
IBTB_CORRECT_total_count,             0
IBTB_CORRECT_total_pct,         -nan

IBTB_INCORRECT_count,             0
IBTB_INCORRECT_pct,         -nan
IBTB_INCORRECT_total_count,             0
IBTB_INCORRECT_total_pct,         -nan
IBTB_INCORRECT_sum_count,             0
IBTB_INCORRECT_sum_pct,         -nan
IBTB_INCORRECT_sum_total_count,             0
IBTB_INCORRECT_sum_total_pct,         -nan
IBTB_INCORRECT_mean,         -nan
IBTB_INCORRECT_stddev,         -nan
IBTB_INCORRECT_total_mean,         -nan
IBTB_INCORRECT_total_stddev,         -nan

CBR_CORRECT_OFF_PATH_count,          1159
CBR_CORRECT_OFF_PATH_pct,       54.210
CBR_CORRECT_OFF_PATH_total_count,          2298
CBR_CORRECT_OFF_PATH_total_pct,       48.399

CBR_CORRECT_BTB_MISS_NT_NT_OFF_PATH_count,           977
CBR_CORRECT_BTB_MISS_NT_NT_OFF_PATH_pct,       45.697
CBR_CORRECT_BTB_MISS_NT_NT_OFF_PATH_total_count,          2441
CBR_CORRECT_BTB_MISS_NT_NT_OFF_PATH_total_pct,       51.411

CBR_RECOVER_MISPREDICT_OFF_PATH_count,             0
CBR_RECOVER_MISPREDICT_OFF_PATH_pct,        0.000
CBR_RECOVER_MISPREDICT_OFF_PATH_total_count,             0
CBR_RECOVER_MISPREDICT_OFF_PATH_total_pct,        0.000

CBR_RECOVER_MISFETCH_OFF_PATH_count,             0
CBR_RECOVER_MISFETCH_OFF_PATH_pct,        0.000
CBR_RECOVER_MISFETCH_OFF_PATH_total_count,             0
CBR_RECOVER_MISFETCH_OFF_PATH_total_pct,        0.000

CBR_RECOVER_BTB_MISS_T_T_OFF_PATH_count,             2
CBR_RECOVER_BTB_MISS_T_T_OFF_PATH_pct,        0.094
CBR_RECOVER_BTB_MISS_T_T_OFF_PATH_total_count,             9
CBR_RECOVER_BTB_MISS_T_T_OFF_PATH_total_pct,        0.190

CBR_RECOVER_BTB_MISS_T_NT_OFF_PATH_count,             0
CBR_RECOVER_BTB_MISS_T_NT_OFF_PATH_pct,        0.000
CBR_RECOVER_BTB_MISS_T_NT_OFF_PATH_total_count,             0
CBR_RECOVER_BTB_MISS_T_NT_OFF_PATH_total_pct,        0.000

CBR_RECOVER_BTB_MISS_NT_T_OFF_PATH_count,             0
CBR_RECOVER_BTB_MISS_NT_T_OFF_PATH_pct,        0.000
CBR_RECOVER_BTB_MISS_NT_T_OFF_PATH_total_count,             0
CBR_RECOVER_BTB_MISS_NT_T_OFF_PATH_total_pct,        0.000
CBR_RECOVER_BTB_MISS_NT_T_OFF_PATH_sum_count,          2138
CBR_RECOVER_BTB_MISS_NT_T_OFF_PATH_sum_pct,      100.000
CBR_RECOVER_BTB_MISS_NT_T_OFF_PATH_sum_total_count,          4748
CBR_RECOVER_BTB_MISS_NT_T_OFF_PATH_sum_total_pct,      100.000
CBR_RECOVER_BTB_MISS_NT_T_OFF_PATH_mean,         0.46
CBR_RECOVER_BTB_MISS_NT_T_OFF_PATH_stddev,         0.38
CBR_RECOVER_BTB_MISS_NT_T_OFF_PATH_total_mean,         0.52
CBR_RECOVER_BTB_MISS_NT_T_OFF_PATH_total_stddev,         0.37

BR_CORRECT_OFF_PATH_count,             0
BR_CORRECT_OFF_PATH_pct,         -nan
BR_CORRECT_OFF_PATH_total_count,             0
BR_CORRECT_OFF_PATH_total_pct,         -nan

BR_RECOVER_OFF_PATH_count,             0
BR_RECOVER_OFF_PATH_pct,         -nan
BR_RECOVER_OFF_PATH_total_count,             0
BR_RECOVER_OFF_PATH_total_pct,         -nan
BR_RECOVER_OFF_PATH_sum_count,             0
BR_RECOVER_OFF_PATH_sum_pct,         -nan
BR_RECOVER_OFF_PATH_sum_total_count,             0
BR_RECOVER_OFF_PATH_sum_total_pct,         -nan
BR_RECOVER_OFF_PATH_mean,         -nan
BR_RECOVER_OFF_PATH_stddev,         -nan
BR_RECOVER_OFF_PATH_total_mean,         -nan
BR_RECOVER_OFF_PATH_total_stddev,         -nan

ICALL_CORRECT_IBTB_OFF_PATH_count,             0
ICALL_CORRECT_IBTB_OFF_PATH_pct,         -nan
ICALL_CORRECT_IBTB_OFF_PATH_total_count,             0
ICALL_CORRECT_IBTB_OFF_PATH_total_pct,         -nan

ICALL_CORRECT_BTB_OFF_PATH_count,             0
ICALL_CORRECT_BTB_OFF_PATH_pct,         -nan
ICALL_CORRECT_BTB_OFF_PATH_total_count,             0
ICALL_CORRECT_BTB_OFF_PATH_total_pct,         -nan

ICALL_RECOVER_IBTB_MISFETCH_OFF_PATH_count,             0
ICALL_RECOVER_IBTB_MISFETCH_OFF_PATH_pct,         -nan
ICALL_RECOVER_IBTB_MISFETCH_OFF_PATH_total_count,             0
ICALL_RECOVER_IBTB_MISFETCH_OFF_PATH_total_pct,         -nan

ICALL_RECOVER_BTB_MISFETCH_OFF_PATH_count,             0
ICALL_RECOVER_BTB_MISFETCH_OFF_PATH_pct,         -nan
ICALL_RECOVER_BTB_MISFETCH_OFF_PATH_total_count,             0
ICALL_RECOVER_BTB_MISFETCH_OFF_PATH_total_pct,         -nan

ICALL_RECOVER_XBTB_MISS_OFF_PATH_count,             0
ICALL_RECOVER_XBTB_MISS_OFF_PATH_pct,         -nan
ICALL_RECOVER_XBTB_MISS_OFF_PATH_total_count,             0
ICALL_RECOVER_XBTB_MISS_OFF_PATH_total_pct,         -nan
ICALL_RECOVER_XBTB_MISS_OFF_PATH_sum_count,             0
ICALL_RECOVER_XBTB_MISS_OFF_PATH_sum_pct,         -nan
ICALL_RECOVER_XBTB_MISS_OFF_PATH_sum_total_count,             0
ICALL_RECOVER_XBTB_MISS_OFF_PATH_sum_total_pct,         -nan
ICALL_RECOVER_XBTB_MISS_OFF_PATH_mean,         -nan
ICALL_RECOVER_XBTB_MISS_OFF_PATH_stddev,         -nan
ICALL_RECOVER_XBTB_MISS_OFF_PATH_total_mean,         -nan
ICALL_RECOVER_XBTB_MISS_OFF_PATH_total_stddev,         -nan

IBR_CORRECT_IBTB_OFF_PATH_count,             0
IBR_CORRECT_IBTB_OFF_PATH_pct,         -nan
IBR_CORRECT_IBTB_OFF_PATH_total_count,             0
IBR_CORRECT_IBTB_OFF_PATH_total_pct,         -nan

IBR_CORRECT_BTB_OFF_PATH_count,             0
IBR_CORRECT_BTB_OFF_PATH_pct,         -nan
IBR_CORRECT_BTB_OFF_PATH_total_count,             0
IBR_CORRECT_BTB_OFF_PATH_total_pct,         -nan

IBR_RECOVER_IBTB_MISFETCH_OFF_PATH_count,             0
IBR_RECOVER_IBTB_MISFETCH_OFF_PATH_pct,         -nan
IBR_RECOVER_IBTB_MISFETCH_OFF_PATH_total_count,             0
IBR_RECOVER_IBTB_MISFETCH_OFF_PATH_total_pct,         -nan

IBR_RECOVER_BTB_MISFETCH_OFF_PATH_count,             0
IBR_RECOVER_BTB_MISFETCH_OFF_PATH_pct,         -nan
IBR_RECOVER_BTB_MISFETCH_OFF_PATH_total_count,             0
IBR_RECOVER_BTB_MISFETCH_OFF_PATH_total_pct,         -nan

IBR_RECOVER_XBTB_MISS_OFF_PATH_count,             0
IBR_RECOVER_XBTB_MISS_OFF_PATH_pct,         -nan
IBR_RECOVER_XBTB_MISS_OFF_PATH_total_count,             0
IBR_RECOVER_XBTB_MISS_OFF_PATH_total_pct,         -nan
IBR_RECOVER_XBTB_MISS_OFF_PATH_sum_count,             0
IBR_RECOVER_XBTB_MISS_OFF_PATH_sum_pct,         -nan
IBR_RECOVER_XBTB_MISS_OFF_PATH_sum_total_count,             0
IBR_RECOVER_XBTB_MISS_OFF_PATH_sum_total_pct,         -nan
IBR_RECOVER_XBTB_MISS_OFF_PATH_mean,         -nan
IBR_RECOVER_XBTB_MISS_OFF_PATH_stddev,         -nan
IBR_RECOVER_XBTB_MISS_OFF_PATH_total_mean,         -nan
IBR_RECOVER_XBTB_MISS_OFF_PATH_total_stddev,         -nan

ICO_CORRECT_OFF_PATH_count,             0
ICO_CORRECT_OFF_PATH_pct,         -nan
ICO_CORRECT_OFF_PATH_total_count,             0
ICO_CORRECT_OFF_PATH_total_pct,         -nan

ICO_RECOVER_OFF_PATH_count,             0
ICO_RECOVER_OFF_PATH_pct,         -nan
ICO_RECOVER_OFF_PATH_total_count,             0
ICO_RECOVER_OFF_PATH_total_pct,         -nan
ICO_RECOVER_OFF_PATH_sum_count,             0
ICO_RECOVER_OFF_PATH_sum_pct,         -nan
ICO_RECOVER_OFF_PATH_sum_total_count,             0
ICO_RECOVER_OFF_PATH_sum_total_pct,         -nan
ICO_RECOVER_OFF_PATH_mean,         -nan
ICO_RECOVER_OFF_PATH_stddev,         -nan
ICO_RECOVER_OFF_PATH_total_mean,         -nan
ICO_RECOVER_OFF_PATH_total_stddev,         -nan

RET_CORRECT_OFF_PATH_count,             0
RET_CORRECT_OFF_PATH_pct,         -nan
RET_CORRECT_OFF_PATH_total_count,             0
RET_CORRECT_OFF_PATH_total_pct,         -nan

RET_RECOVER_OFF_PATH_count,             0
RET_RECOVER_OFF_PATH_pct,         -nan
RET_RECOVER_OFF_PATH_total_count,             0
RET_RECOVER_OFF_PATH_total_pct,         -nan

RET_RECOVER_UFLOW_OFF_PATH_count,             0
RET_RECOVER_UFLOW_OFF_PATH_pct,         -nan
RET_RECOVER_UFLOW_OFF_PATH_total_count,             0
RET_RECOVER_UFLOW_OFF_PATH_total_pct,         -nan
RET_RECOVER_UFLOW_OFF_PATH_sum_count,             0
RET_RECOVER_UFLOW_OFF_PATH_sum_pct,         -nan
RET_RECOVER_UFLOW_OFF_PATH_sum_total_count,             0
RET_RECOVER_UFLOW_OFF_PATH_sum_total_pct,         -nan
RET_RECOVER_UFLOW_OFF_PATH_mean,         -nan
RET_RECOVER_UFLOW_OFF_PATH_stddev,         -nan
RET_RECOVER_UFLOW_OFF_PATH_total_mean,         -nan
RET_RECOVER_UFLOW_OFF_PATH_total_stddev,         -nan

CALL_CORRECT_OFF_PATH_count,             0
CALL_CORRECT_OFF_PATH_pct,         -nan
CALL_CORRECT_OFF_PATH_total_count,             0
CALL_CORRECT_OFF_PATH_total_pct,         -nan

CALL_RECOVER_OFF_PATH_count,             0
CALL_RECOVER_OFF_PATH_pct,         -nan
CALL_RECOVER_OFF_PATH_total_count,             0
CALL_RECOVER_OFF_PATH_total_pct,         -nan
CALL_RECOVER_OFF_PATH_sum_count,             0
CALL_RECOVER_OFF_PATH_sum_pct,         -nan
CALL_RECOVER_OFF_PATH_sum_total_count,             0
CALL_RECOVER_OFF_PATH_sum_total_pct,         -nan
CALL_RECOVER_OFF_PATH_mean,         -nan
CALL_RECOVER_OFF_PATH_stddev,         -nan
CALL_RECOVER_OFF_PATH_total_mean,         -nan
CALL_RECOVER_OFF_PATH_total_stddev,         -nan

BTB_CORRECT_OFF_PATH_count,          1159
BTB_CORRECT_OFF_PATH_pct,       54.210
BTB_CORRECT_OFF_PATH_total_count,          2298
BTB_CORRECT_OFF_PATH_total_pct,       48.399

BTB_INCORRECT_BUT_TARGET_CORRECT_OFF_PATH_count,             0
BTB_INCORRECT_BUT_TARGET_CORRECT_OFF_PATH_pct,        0.000
BTB_INCORRECT_BUT_TARGET_CORRECT_OFF_PATH_total_count,             0
BTB_INCORRECT_BUT_TARGET_CORRECT_OFF_PATH_total_pct,        0.000

BTB_INCORRECT_OFF_PATH_count,           979
BTB_INCORRECT_OFF_PATH_pct,       45.790
BTB_INCORRECT_OFF_PATH_total_count,          2450
BTB_INCORRECT_OFF_PATH_total_pct,       51.601
BTB_INCORRECT_OFF_PATH_sum_count,          2138
BTB_INCORRECT_OFF_PATH_sum_pct,      100.000
BTB_INCORRECT_OFF_PATH_sum_total_count,          4748
BTB_INCORRECT_OFF_PATH_sum_total_pct,      100.000
BTB_INCORRECT_OFF_PATH_mean,         0.92
BTB_INCORRECT_OFF_PATH_stddev,         0.96
BTB_INCORRECT_OFF_PATH_total_mean,         1.03
BTB_INCORRECT_OFF_PATH_total_stddev,         1.02

IBTB_CORRECT_OFF_PATH_count,             0
IBTB_CORRECT_OFF_PATH_pct,         -nan
IBTB_CORRECT_OFF_PATH_total_count,             0
IBTB_CORRECT_OFF_PATH_total_pct,         -nan

IBTB_INCORRECT_OFF_PATH_count,             0
IBTB_INCORRECT_OFF_PATH_pct,         -nan
IBTB_INCORRECT_OFF_PATH_total_count,             0
IBTB_INCORRECT_OFF_PATH_total_pct,         -nan
IBTB_INCORRECT_OFF_PATH_sum_count,             0
IBTB_INCORRECT_OFF_PATH_sum_pct,         -nan
IBTB_INCORRECT_OFF_PATH_sum_total_count,             0
IBTB_INCORRECT_OFF_PATH_sum_total_pct,         -nan
IBTB_INCORRECT_OFF_PATH_mean,         -nan
IBTB_INCORRECT_OFF_PATH_stddev,         -nan
IBTB_INCORRECT_OFF_PATH_total_mean,         -nan
IBTB_INCORRECT_OFF_PATH_total_stddev,         -nan

BP_EXEC_RECOVERIES_count,            23
BP_EXEC_RECOVERIES_pct,      100.000
BP_EXEC_RECOVERIES_total_count,            62
BP_EXEC_RECOVERIES_total_pct,      100.000

BP_DECODE_RECOVERIES_count,             0
BP_DECODE_RECOVERIES_pct,        0.000
BP_DECODE_RECOVERIES_total_count,             0
BP_DECODE_RECOVERIES_total_pct,        0.000
BP_DECODE_RECOVERIES_sum_count,            23
BP_DECODE_RECOVERIES_sum_pct,      100.000
BP_DECODE_RECOVERIES_sum_total_count,            62
BP_DECODE_RECOVERIES_sum_total_pct,      100.000
BP_DECODE_RECOVERIES_mean,         0.00
BP_DECODE_RECOVERIES_stddev,         0.00
BP_DECODE_RECOVERIES_total_mean,         0.00
BP_DECODE_RECOVERIES_total_stddev,         0.00

SCHEDULED_EXEC_RECOVERIES_count,            23
SCHEDULED_EXEC_RECOVERIES_pct,      100.000
SCHEDULED_EXEC_RECOVERIES_total_count,            62
SCHEDULED_EXEC_RECOVERIES_total_pct,      100.000

SCHEDULED_DECODE_RECOVERIES_count,             0
SCHEDULED_DECODE_RECOVERIES_pct,        0.000
SCHEDULED_DECODE_RECOVERIES_total_count,             0
SCHEDULED_DECODE_RECOVERIES_total_pct,        0.000
SCHEDULED_DECODE_RECOVERIES_sum_count,            23
SCHEDULED_DECODE_RECOVERIES_sum_pct,      100.000
SCHEDULED_DECODE_RECOVERIES_sum_total_count,            62
SCHEDULED_DECODE_RECOVERIES_sum_total_pct,      100.000
SCHEDULED_DECODE_RECOVERIES_mean,         0.00
SCHEDULED_DECODE_RECOVERIES_stddev,         0.00
SCHEDULED_DECODE_RECOVERIES_total_mean,         0.00
SCHEDULED_DECODE_RECOVERIES_total_stddev,         0.00

PERFORMED_EXEC_RECOVERIES_count,            23
PERFORMED_EXEC_RECOVERIES_pct,      100.000
PERFORMED_EXEC_RECOVERIES_total_count,            62
PERFORMED_EXEC_RECOVERIES_total_pct,      100.000

PERFORMED_DECODE_RECOVERIES_count,             0
PERFORMED_DECODE_RECOVERIES_pct,        0.000
PERFORMED_DECODE_RECOVERIES_total_count,             0
PERFORMED_DECODE_RECOVERIES_total_pct,        0.000
PERFORMED_DECODE_RECOVERIES_sum_count,            23
PERFORMED_DECODE_RECOVERIES_sum_pct,      100.000
PERFORMED_DECODE_RECOVERIES_sum_total_count,            62
PERFORMED_DECODE_RECOVERIES_sum_total_pct,      100.000
PERFORMED_DECODE_RECOVERIES_mean,         0.00
PERFORMED_DECODE_RECOVERIES_stddev,         0.00
PERFORMED_DECODE_RECOVERIES_total_mean,         0.00
PERFORMED_DECODE_RECOVERIES_total_stddev,         0.00

PERFORMED_RECOVERY_LAT_count,          3140
PERFORMED_RECOVERY_LAT_total_count,         10613

SCHEDULED_DECODE_LAT_count,             0
SCHEDULED_DECODE_LAT_total_count,             0

SCHEDULED_EXEC_LAT_count,          3094
SCHEDULED_EXEC_LAT_total_count,         10489



