9,4,4,4,4,4,4,4,9,10,4,20,4,5,3,3,12,3,4,93,20,93,13,3,3,12,3,15,6,4,37,25,4,4,35,35,6,53,6,17,3,11,4,93,11,93,33,40,11,25,14,34,6,85,4,6,17,16,11,5,3325,3,6,4,56,47,4,56,39,67,54,5,42,21,47,51,10,6,3,3,6,4,4,6,6,3,5,117,7,5,4,4,10,4,3,11,6,22,3,6,238,24,40,43,12,11,4,4,4,22,10,50,19,4,22,10,50,19,4,22,10,3,21,6,3,109,70,11,3,5,19,4,3,14,10,244,10,13,4,4,10,3,8,3,4,3,12,57,8,4,6,11,9,3,6,3,6,3,6,3,6,3,32,3,74,3,74,3,74,3,74,27,27,27,27,27,27,27,27,27,27,27,6,4,3,6,3,11,3,5,8,5,4,6,9,6,10,5,7,4,4,46,6,13,10,15,9,9,9,5,3,15,11,3,10,6,6,6,6,6,13,5,4,5,3,4,29,3,5,12,22,2,38,157,6,5,5,3,18,40,38,3,2,3,38,38,3,38,38,3,3,38,3,38,38,2,38,9,9,10,10,5,11,3,9,9,12,11,3,5,4,5,4,4,10,4,13,4,13,4,200,12,3,3,6,11,3,14,61,4,19,12,7,5,24,11,3,24,3,15,12,5,23,4,5,5,13,3,6,12,4,80,3,6,3,3,7,5,13,3,3,4,70,70,6,133,234,12,79,4,18,8,3,18,25,18,9,18,9,3,18,25,18,9,3,18,9,3,18,9,18,9,3,18,3,18,18,3,4,572,4,4,5,5,11,10,7,10,5,16,3,3,15,7,13,11,6,9,10,3,7,8,71,11,10,3,12,10,20,16,9,13,8,10,3,14,7,3,5,4,119,10,232,8,7,26,4,7,3,4,31,9,6,6,4,3,12,4,5,26,4,4,31,14,4,5,5,14,4,5,7,4,28,4,14,4,5,6,5,3,18,15,4,7,3,7,6,4,4,4,3,34,14,7,13,5,5,8,5,19,8,8,3,7,6,4,18,6,7,3,8,11,5,8,226,6,10,3,16,4,4,118,10,4,120,10,6,4,10,6,8,10,5,12,14,3,9,3,13,14,3,3,4,3,3,7,4,3,26,3,3,10,35,7,3,3,3,13,4,10,21,4,6,3,3,5,8,3,7,3,12,4,4,7,7,3,4,23,3,3,4,4,6,10,3,3,19,7,3,18,4,8,3,6,4,4,19,5,11,3,111,3,7,3,10,3,9,3,14,3,7,3,5,3,9,3,66,30,3,3,6,4,3,3,3,356,7,3,33,4,9,3,23,3,6,3,20,67,3,3,3,3,9,3,3,5,3,6,3,7,11,19,13,5,13,12,6,5,8,6,4,7,76,6,27,10,6,4,3,10,4,4,41,19,8,2,6,3,7,13,18,38,64,12,13,38,3,3,38,27,5,13,38,3,4,3,5,5,210,3,5,4,6,18,3,231,5,3,3,5,5,7,13,17,9,6,3,3,9,7,7,4,4,15,8,5,20,4,5,22,17,3,7,31,18,54,4,3,30,4,33,3,22,26,3,4,31,26,10,5,8,6,8,5,12,4,5,6,7,3,3,84,17,9,11,3,3,5,14,16,4,4,3,17,9,6,3,3,3,5,15,13,4,6,28,6,17,3,3,118,4,44,4,7,15,5,4,3,30,4,7,22,5,18,4,3,12,4,5,14,4,4,3,15,17,5,28,18,3,4,3,4,4,17,17,4,3,27,4,7,5,7,7,18,3,7,7,3,12,11,3,17,10,4,28,3,11,6,26,5,53,5,7,6,5,8,9,5,3,5,53,6,115,100,5,11,15,12,6,3,3,4,4,3,3,4,227,14,5,3,50,142,9,41,16,4,16,15,19,41,27,2,3,27,3,15,4,3,152,13,5,11,5,9,9,9,107,9,6,17,5,3,4,4,88,114,85,108,15,6,3,18,3,9,6,13,3,5,3,12,6,6,4,48,3,14,3,3,24,4,4,6,4,5,3,6,4,5,5,17,10,12,3,59,10,3,10,10,5,7,551,122,6,7,12,3,3,3,4,8,3,48,5,7,22,234,14,3,7,4,4,3,27,3,5,5,199,9,3,5,38,11,5,6,12,5,79,5,99,3,4,3,88,99,3,4,3,23,3,19,4,5,116,7,8,3,4,55,7,13,5,27,4,27,64,7,5,3,5,4,6,11,6,20,31,9,3,5,3,99,3,3,4,3,116,5,22,8,3,7,39,39,3,3,5,5,13,5,5,10,5,5,15,6,8,5,3,3,4,4,14,7,3,7,4,4,10,5,3,12,5,13,39,39,2,5,5,4,10,5,5,29,25,5,16,4,2,5,6,0,3,13,2,40,17,7,12,5,9,8,4,551,3,3,11,5,9,5,22,3,4,7,6,4,25,444,6,3,6,11,6,4,24,7,76,117,3,4,11,5,4,5,4,28,3,11,8,12,3,6,3,3,4,4,4,4,11,117,4,91,12,6,4,5,4,3,3,34,6,4,62,16,6,5,3,3,4,8,15,4,4,3,4,4,15,5,4,3,15,5,4,3,21,22,3,4,4,3,19,5,4,3,147,3,6,20,7,81,42,3,9,5,5,34,21,3,11,8,23,3,20,4,4,6,3,3,7,3,47,3,3,3,3,4,3,3,15,7,4,10,38,7,5,16,4,5,17,2,43,5,3,3,3,3,7,4,4,9,4,8,5,3,6,4,10,5,8,4,3,8,6,21,4,5,3,9,9,5,4,4,14,3,3,7,3,8,5,21,10,3,8,3,5,2,70,17,5,4,3,26,31,3,4,4,4,4,4,4,4,4,4,3,6,14,3,11,12,12,3,42,248,9,11,5,9,9,9,21,3,25,4,14,4,5,4,4,20,5,23,3,5,5,5,4,4,5,4,4,3,4,7,5,4,3,4,9,5,18,3,4,36,7,4,6,5,5,3,5,3,7,5,5,120,3,5,3,74,111,107,76,111,107,7,17,3,80,30,109,83,3,38,111,80,110,168,120,80,112,31,82,78,78,8,103,114,105,78,76,112,13,3,112,30,74,75,112,111,4,58,79,76,96,96,81,107,96,75,101,97,97,105,74,80,97,107,97,73,99,81,81,32,74,96,81,81,33,98,81,75,76,81,112,8,109,55,99,8,57,112,112,5,8,4,5,6,4,38,90,112,3,28,8,5,110,78,105,72,57,76,111,57,74,8,80,105,75,50,81,83,104,112,101,111,90,78,49,125,79,126,105,126,90,7,114,99,112,91,5,57,81,81,72,99,63,121,96,81,97,120,98,103,97,96,112,49,38,112,51,37,109,72,65,81,50,106,50,50,106,106,50,112,112,112,112,35,112,112,6,566,3,127,89,7,7,10,7,22,4,7,8,13,13,7,17,4,7,4,11,6,4,4,3,4,21,21,25,15,17,4,19,48,19,136,3,9,8,4,4,11,11,3,4,5,7,4,4,8,20,8,20,4,4,81,100,98,99,99,99,98,99,99,98,99,3,4,6,7,116,13,7,5,3,4,4,9,4,5,5,4,95,97,74,94,93,62,59,96,12,4,6,5,6,15,12,13,13,9,5,5,5,9,12,10,225,7,4,6,12,6,6,4,5,4,3,3,4,4,6,6,13,9,16,6,4,5,7,5,16,10,3,4,4,4,4,3,5,3,19,13,20,38,55,26,83,103,83,11,11,3,60,5,5,3,12,4,7,5,9,5,3,11,10,4,3,4,4,5,10,4,3,4,9,4,218,218,219,102,164,31,21,4,37,32,15,41,34,9,5,3,22,5,4,6,3,8,6,18,4,6,8,19,4,4,11,5,4,12,13,3,6,19,6,16,11,4,8,4,7,7,3,4,8,12,6,9,4,4,5,10,8,3,9,10,14,194,3,7,12,3,8,8,12,7,5,7,12,3,7,7,4,7,6,6,3,3,6,9,5,5,8,10,14,5,221,38,6,5,41,4,4,14,4,10,8,14,10,4,8,5,12,3,3,5,4,5,224,6,20,4,5,14,5,5,13,3,6,3,3,114,96,20,3,3,10,3,23,3,14,4,15,6,211,118,13,9,10,8,4,7,11,4,5,5,9,18,7,12,103,5,10,3,112,3,3,5,332,14,20,10,52,25,7,4,689,11,60,63,75,63,60,4,57,3,64,3,4,5,4,21,221,82,115,71,9,3,6,14,20,8,13,10,7,10,6,4,16,4,5,8,33,347,10,5,4,3,4,3,4,14,111,4,4,11,6,14,20,4,6,3,13,4,3,8,3,10,8,2,22,4,3,6,5,9,2,8,4,4,10,15,13,4,11,37,5,3,3,10,11,5,4,7,3,7,254,212,5,36,7,3,21,5,4,287,4,5,8,13,16,14,44,197,35,3,4,9,12,7,3,3,15,25,4,8,4,3,46,5,7,4,4,3,7,3,8,4,11,4,9,5,3,3,7,13,3,3,6,4,8,19,4,6,7,3,4,5,50,52,3,6,58,49,49,50,48,51,59,51,50,4,12,7,15,15,72,14,7,13,51,7,3,7,6,7,2,3,13,6,3,13,10,2,3,38,18,6,11,29,5,4,16,13,4,21,13,4,3,21,3,13,19,5,61,6,70,5,13,3,5,30,16,14,3,86,4,0,4,4,11,4,3,13,14,7,78,124,6,8,22,15,6,4,3,21,10,3,34,3,22,9,3,3,9,3,3,4,5,4,4,4,3,9,4,10,4,3,9,3,3,5,7,4,3,6,3,10,3,8,5,3,5,5,8,5,40,9,3,7,8,3,11,5,7,59,3,3,3,5,3,99,3,4,7,135,6,3,8,4,3,8,3,3,81,3,3,4,10,3,183,4,6,9,9,4,12,8,8,12,43,5,5,20,5,3,5,5,3,22,8,3,13,3,23,9,3,3,4,10,4,10,4,4,29,8,9,26,5,4,4,4,11,5,3,3,116,10,8,4,16,7,59,16,6,3,3,8,15,4,4,3,3,3,7,360,11,6,4,10,11,28,8,5,2,11,11,23,5,27,5,27,5,27,4,5,38,5,5,6,5,19,16,3,3,3,20,69,3,3,22,3,11,3,5,11,5,5,3,15,6,13,3,3,5,6,4,6,129,5,7,105,41,78,12,6,4,3,146,9,3,4,6,8,6,9,4,5,3,11,13,6,5,35,7,3,3,9,121,12,7,10,4,4,141,37,5,120,102,104,79,100,53,5,7,4,11,4,4,13,8,163,3,4,18,5,3,3,9,4,6,3,3,23,4,29,16,3,3,9,9,3,20,51,3,3,17,5,14,5,7,18,21,3,3,12,5,3,60,3,3,7,16,7,3,6,4,4,3,7,3,4,5,4,6,19,7,18,3,3,4,3,3,3,8,3,4,7,16,17,13,79,62,3,376,4,36,6,4,5,4,19,15,7,4,6,14,50,39,10,10,11,6,5,48,97,5,6,12,10,4,4,4,9,4,4,4,4,4,5,4,5,14,3,87,6,4,3,3,4,3,3,27,13,8,3,7,4,84,114,10,3,3,6,4,5,6,0,4,16,9,15,6,8,7,8,4,4,3,343,5,5,14,5,4,24,5,3,3,3,88,3,6,9,14,7,4,7,7,7,25,6,3,4,20,8,7,3,27,12,7,14,28,4,5,4,4,16,7,3,27,11,4,6,4,4,10,234,4,3,4,3,17,4,4,5,18,11,7,12,7,6,5,6,3,3,3,4,4,3,4,3,4,7,5,4,14,7,3,6,9,3,4,14,3,13,7,3,11,68,4,2,29,3,29,29,3,3,4,3,4,19,27,13,30,29,5,3,3,21,14,27,3,11,27,3,11,8,11,2,27,5,75,7,31,4,17,6,10,16,4,86,40,15,14,6,5,3,4,5,2,5,5,3,22,10,30,13,35,15,10,3,13,20,13,3,13,64,7,15,41,282,8,5,4,3,4,79,3,3,42,5,11,246,5,20,3,5,3,6,21,4,3,13,5,12,3,10,5,9,24,14,101,2,41,41,41,3,13,3,13,3,13,41,18,4,3,4,7,2,45,16,8,4,12,12,3,120,63,20,3,7,6,6,8,5,4,12,4,7,12,13,5,30,3,6,49,49,49,3,51,50,49,49,49,57,51,50,4,7,55,3,3,6,6,12,90,8,5,14,7,5,11,7,8,2,13,5,3,15,3,13,13,5,15,2,85,7,11,13,23,7,3,62,4,31,20,27,20,3,4,246,35,84,3,3,19,5,12,3,4,6,40,45,6,61,7,3,10,11,66,11,3,47,28,8,3,5,3,13,9,5,3,4,36,4,5,4,19,15,7,4,185,6,14,51,39,10,10,11,11,11,4,7,4,91,4,5,8,29,146,11,4,111,4,6,4,10,6,4,4,4,8,7,4,6,6,3,4,341,3,7,6,3,3,10,3,6,6,4,33,4,4,7,3,6,5,7,7,27,5,3,6,10,4,4,4,4,4,4,5,3,3,5,4,3,110,4,6,7,10,4,4,5,4,11,5,4,4,4,5,18,5,4,258,12,49,22,67,94,94,94,5,60,8,259,4,49,15,20,3,3,106,3,5,7,5,3,12,4,3,9,15,4,690,55,3,12,39,4,27,64,5,14,5,3,4,4,14,25,75,9,242,8,3,3,37,3,44,3,91,3,20,47,4,2,5,16,13,4,5,3,29,21,6,17,39,19,5,13,3,27,3,19,7,4,5,3,5,18,3,3,7,10,6,3,14,5,4,7,3,11,3,4,9,86,351,3,4,76,112,114,112,5,3,7,4,4,4,5,118,25,15,10,12,52,4,4,5,8,3,7,5,84,11,3,13,9,7,3,3,6,18,3,11,3,5,7,4,8,8,5,4,29,104,3,4,50,3,3,4,4,8,6,15,6,13,5,17,7,157,9,3,3,10,3,8,8,3,16,9,9,5,5,7,4,12,4,7,12,84,21,41,4,5,4,3,4,4,3,4,3,3,28,7,24,12,7,9,35,17,137,29,13,3,4,5,4,31,3,26,4,6,4,4,4,9,4,7,4,5,18,11,3,9,8,8,4,5,5,8,17,5,3,5,3,5,3,5,7,3,245,7,16,4,4,13,4,3,6,10,16,5,4,16,5,5,35,6,6,6,7,3,4,4,11,5,12,3,14,5,4,4,11,5,5,3,8,5,53,5,4,4,4,4,4,9,4,4,4,9,4,9,4,8,4,4,10,4,4,9,8,4,4,4,11,4,8,4,4,4,4,4,5,7,42,3,36,3,40,3,3,102,3,39,3,4,4,3,40,3,5,7,42,42,4,34,102,3,97,3,99,40,7,35,95,14,39,76,95,61,3,29,4,76,42,58,5,3,8,64,13,106,42,3,102,3,37,3,42,57,77,3,103,58,104,101,104,102,102,39,102,63,3,35,3,4,3,3,3,42,61,3,3,107,66,27,106,97,107,88,31,3,45,4,3,75,102,4,130,326,4,90,23,22,5,3,24,16,5,41,42,5,5,17,3,5,19,9,24,9,6,7,113,12,4,368,16,6,5,26,4,12,6,19,4,70,4,54,49,4,4,216,4,3,27,13,12,81,4,4,110,5,5,26,3,7,19,4,14,4,13,24,13,15,24,70,81,36,29,21,26,19,9,4,4,74,16,29,32,6,6,4,4,80,78,4,6,5,59,5,3,4,3,4,3,4,278,5,4,80,12,5,3,43,4,20,27,4,6,4,3,31,4,69,16,31,4,6,4,10,13,6,47,32,24,39,3,3,5,3,80,33,4,10,9,4,4,6,15,6,89,4,3,5,4,5,3,9,7,3,4,8,6,8,5,5,5,16,6,7,16,4,4,34,3,8,4,8,72,5,6,23,4,55,39,39,5,5,5,27,5,27,5,27,20,41,14,4,7,10,2,3,4,28,12,27,5,3,13,4,14,7,28,64,3,6,7,28,10,3,28,11,6,7,4,4,4,4,5,5,7,4,3,9,4,3,4,13,7,4,11,29,10,29,29,43,7,232,217,6,56,3,5,3,39,5,5,36,20,19,4,3,5,8,3,3,5,3,3,9,15,3,7,6,12,7,5,3,15,19,3,4,3,3,5,7,27,3,13,7,3,6,5,94,4,2,16,18,3,123,26,11,3,112,4,5,76,43,48,84,6,14,5,5,6,5,9,6,10,4,243,7,3,10,6,18,4,18,15,11,7,4,7,5,4,4,3,4,3,5,4,3,3,29,4,27,2,3,13,3,13,7,3,3,11,4,3,14,5,13,11,5,33,6,5,18,9,2,35,22,3,29,4,4,3,13,29,3,14,15,0,3,11,7,3,13,7,10,5,13,6,6,22,6,5,10,0,37,105,7,3,3,5,4,3,4,3,7,4,5,3,4,3,7,25,154,29,13,3,3,3,3,7,98,4,7,4,8,4,15,4,5,15,6,7,10,3,11,3,5,3,5,3,16,3,13,9,5,6,3,4,3,6,14,35,4,6,22,3,17,7,5,5,3,3,3,13,37,5,3,7,9,3,5,3,30,40,3,376,3,7,4,60,41,105,4,4,10,4,8,6,5,3,5,8,9,5,9,13,9,8,3,17,8,97,98,9,9,12,4,12,3,4,9,3,6,20,20,4,13,19,17,5,4,5,13,5,5,3,5,3,5,3,3,5,3,4,5,5,4,5,10,4,3,49,49,6,24,5,4,7,7,6,6,162,3,19,19,5,69,5,5,4,28,113,6,3,3,6,5,82,57,11,4,47,3,10,3,3,206,60,4,3,4,5,10,13,48,18,8,7,209,38,968,3,4,5,3,27,13,5,16,4,3,4,16,9,10,10,5,9,5,5,6,15,4,4,115,13,4,13,15,12,18,4,5,16,15,7,3,10,4,31,4,4,13,23,9,3,2,2,5,19,23,5,11,15,9,13,4,38,7,38,11,38,64,5,15,20,13,4,38,6,12,5,38,10,8,38,13,39,3,4,5,5,8,9,14,38,11,36,38,8,5,6,27,8,7,3,8,38,4,38,5,3,6,5,27,7,5,4,4,8,6,21,18,6,5,4,3,3,15,3,5,10,28,5,2,17,18,19,17,2,2,4,31,23,2,17,4,3,15,38,38,3,38,2,4,3,6,3,49,3,4,6,4,3,5,20,6,7,5,22,28,7,5,27,5,5,9,28,5,10,28,9,28,10,15,8,8,5,3,27,3,10,5,8,3,28,9,28,28,28,8,3,27,8,3,31,6,28,5,5,27,4,5,28,6,5,5,4,28,34,27,10,5,8,33,28,9,3,8,0,12,10,9,8,16,4,163,15,18,38,3,2,3,38,3,5,99,7,4,105,5,3,4,4,3,22,6,4,3,5,4,14,5,3,22,19,4,3,13,29,10,14,4,3,6,14,13,5,3,6,10,3,3,16,9,13,5,3,5,17,5,108,3,3,81,7,4,6,19,48,3,3,236,8,12,231,7,13,9,4,8,338,3,3,5,4,18,27,120,3,11,17,3,60,35,13,82,3,20,6,6,4,11,6,11,5,7,8,5,4,4,4,4,11,11,5,467,345,25,5,8,13,8,14,4,4,12,17,6,8,13,5,16,25,13,5,212,289,4,162,233,161,233,228,222,228,6,20,12,4,3,4,5,5,9,10,11,16,3,6,6,5,14,5,10,11,3,3,7,10,5,7,10,11,3,3,5,4,3,5,3,55,6,6,4,4,8,13,5,15,2,3,3,10,6,4,3,13,27,11,27,4,3,27,16,3,27,12,5,4,5,7,115,11,17,12,4,4,5,3,18,6,3,9,13,43,4,4,103,30,26,5,35,9,8,8,6,5,31,19,4,3,9,4,41,82,9,4,197,3,4,4,3,9,6,3,3,307,9,4,3,3,4,11,4,4,3,2848,11,4,4,3,10,4,5,4,3,2863,125,4,72,8,5,5,3,5,3,3,5,14,5,3,7,8,5,3,23,4,6,3,5,4,56,60,5,4,6,20,14,6,13,9,3,7,15,12,8,7,23,5,13,5,24,4,10,38,40,19,6,3,8,3,4,3,5,3,4,4,3,8,5,9,9,4,4,6,3,3,3,9,4,3,5,95,7,5,10,3,5,3,14,4,4,3,6,3,59,6,48,4,10,13,20,9,7,9,6,8,8,4,4,3,4,3,20,17,3,3,7,6,165,5,5,12,3,5,5,9,3,5,5,9,3,4,3,5,3,3,5,3,4,3,5,14,3,3,3,4,4,3,5,3,14,5,3,3,0,3,3,4,4,3,25,12,5,8,13,3,5,14,40,13,3,6,5,6,15,3,5,13,3,5,3,13,4,4,3,12,6,13,6,5,15,5,13,7,13,238,3,18,15,13,13,3,18,15,13,13,3,18,15,13,13,3,18,15,13,13,3,10,3,18,7,4,3,4,5,9,5,4,3,3,5,4428,14,4,5,9,13,3,6,3,3,5,4,15,15,238,3,14,13,15,17,3,14,13,15,9,4,14,4,13,5,7,5,20,4,4,4,4,5,3,3,325,17,13,12,0,5,9,8,5,4,5,10,7,5,7,7,5,7,7,5,12,7,5,10,7,5,7,7,5,24,20,6,9,7,23,19,7,32,4,5,28,112,6,59,257,6,24,7,7,14,5,13,17,9,5,12,7,6,12,4,8,20,275,11,20,14,20,3,4,6,4,72,11,52,3,6,4,17,6,605,4,129,4,135,4,6,6,9,5,4,36,4,222,49,53,54,4,46,54,44,44,50,12,8,4,3,3,36,31,14,53,54,49,54,4,4,21,36,31,39,54,54,4,564,36,14,4,54,4,14,5,4,73,3,36,6,5,72,285,8,3,5,10,8,12,9,3,6,5,36,14,4,3,3,40,14,45,52,4,14,3,8,11,5,11,3,4,6,5,5,3,10,6,4,6,65,4,3,3,12,6,5,18,6,5,11,9,8,7,11,3,16,12,3,3,5,21,6,5,5,22,7,3,5,5,24,4,15,71,11,3,4,5,5,3,17,3,5,8,5,12,9,3,10,5,4,4,3,4,4,4,4,5,13,13,5,17,8,4,7,7,8,3,4,3,14,5,6,3,11,3,19,4,3,6,10,4,4,4,411,3,14,3,4,5,7,3,6,7,3,9,4,5,10,5,4,4,4,6,3,9,9,5,3,3,26,3,3,4,6,3,3,46,4,12,4,11,4,4,3,9,9,10,10,12,11,3,4,13,18,12,10,102,3,3,16,4,17,20,25,17,18,17,4,5,16,4,29,17,21,41,23,17,18,18,4,17,5,121,17,8,4,12,23,14,14,6,5,4,6,11,5,7,3,4012,12,3,5,14,5,5,4,4,3,4,6,1560,348,4,63,4,11,161,63,101,13,3,3,11,14,25,13,17,45,13,15,29,35,34,13,6,20,13,3,3,13,11,13,15,34,15,6,17,17,6,3,3,536,6,4,6,5,29,16,3,5,6,4,6,4,4,9,3,4,349,365,5,991,3,100,119,6,221,101,101,159,251,101,277,5,5,4,3,6,4,82,4,4,32,3,8,302,115,3,6,11,3,11,3,3,27,27,27,27,4,3,3,896,10,6,12,209,21,3,3,4,3,880,60,48,15,9,10,5,13,3,11,12,11,3,4,5,5,4,3,7,28,7,26,7,28,1600,7,8,7,397,4,7,6,24,6,23,3,7,3,3,23,380,4,4,3,4,8,6,3,53,2048,119,114,3,1434,8,418,4,97,4,18,9,3,18,25,3,18,9,18,4,10,18,9,18,25,18,9,18,9,18,9,18,9,9,25,18,9,18,18,18,6,4,51,6,4,580,104,4,3,10,4,669,346,11,175,3,4,67,5,85,308,3,952,3,57,3,5,4,7,3,452,119,78,4,7,4,4,3,4,7,5,4,9,21,12,5,3,4,6,4,9,3,15,12,5,8,3,5,7,3,4,5,7,4,3,3,8,6,66,5,451,88,3,344,168,7,6,3,3,11,7,4,13,3,3,3,10,3,5,24,3,15,6,11,3,3,121,3,3,41,4,3,3,3,4,4,6,4,23,3,6,10,27,5,5,10,3,3,10,3,1930,19,3,3,4,22,3,3,4,7,28,4,8,3,26,27,3,3,7,3,4,11,29,3,12,3,10,30,98,3,3,64,5,3,6,9,3,235,4,98,107,276,528,13,3,9,6,13,16,5,4,5,5,32,4,44,20,5,22,16,10,10,644,9,5,4,7,4,98,5,3,7,3,4,7,3,14,4,17,4,3,15,128,3,3,5,5,228,5,16,5,12,3,4,17,17,4,29,25,4,28,20,7,7,648,3,4,136,4,112,5,33,4,449,13,113,3,3,46,117,5,3,3,3,4,4,3,227,5,28,3,13,3,37,19,642,5,2245,77,104,4,10,11,13,214,1875,283,4,91,571,6,8,4,3,312,43,249,105,4,5,38,11,115,17,4,5,11,3,3,118,22,3,3,118,3,3,158,161,6,16,384,8,108,30,30,64,19,6,3,6,11,5,24,3,3,118,22,3,46,20,8,7,5,104,4,3,5,7,7,10,157,4,229,3,3,487,3,3,209,7,7,3,5,7,4,22,12,5,22,22,28,5,6,25,5,29,3,6,29,40,501,6,4,1222,105,9,312,4,10,4,861,351,6,6,4,7,7,76,603,537,94,97,4,5,6,3,331,4,96,51,3,5,3,3,6,62,10,4,4,6,4,11,3,425,9,114,3,3,6,47,3,3,3,14,7,3,38,6,3,2,31,228,5,3,3,7,4,9,1906,5,10,4,4,480,5,5,3,20,10,4,5,3,5,4,576,56,3,16,9,3,106,114,9,4,115,196,15,10,10,3,980,21,21,5,210,4,8,87,12,199,210,204,5,4,5,4,527,484,4,6,790,60,48,333,338,324,420,261,4,3,4,3,3,6,3,4,4,5,114,3,15,3,636,14,684,325,43,93,55,114,340,610,3,106,4,57,3,18,3,111,4,78,107,76,76,8,36,111,78,5,80,112,5,340,80,74,97,91,78,107,111,110,77,121,74,5,111,77,75,78,112,56,58,59,59,58,81,79,78,98,81,94,112,58,80,57,81,96,97,30,62,99,81,34,38,96,81,105,98,81,77,97,32,99,8,112,112,8,10,5,562,444,111,248,5,114,111,75,75,4,9,44,46,69,74,11,80,105,113,105,121,90,75,70,120,74,78,75,80,105,117,78,112,116,57,28,106,120,105,39,72,112,46,96,81,97,113,95,98,103,64,57,28,39,72,112,46,112,112,106,106,112,106,112,112,35,34,6,2498,71,419,88,11,23,3,7,7,18,4,5,6,7,3,13,7,3,3,9,37,100,118,50,113,3,5,40,137,5,119,10,112,165,13,3,6,14,5,8,4,580,215,20,4,97,99,61,42,99,99,98,98,99,97,3,4,13,3,4,3,3,3,3,4,3,3,4,3,694,3,16,7,18,3,4,3,4,580,4,330,21,5,4,4,64,80,93,4,4,12,4,9,4,5,5,5,3,3,6,5,7,3,5,14,3,89,3,4,12,6,5,3,4,231,10,27,3,3,4,3,3,3,5,16,6,4,3,7,8,4,6,4,5,3,7,5,5,4,4,6,3,217,3,224,4,23,4,12,4,176,124,202,10,40,3,4,19,14,3,7,3,3,3,3,4,3,8,6,7,4,3,9,5,11,4,9,6,5,10,4,3,3,165,3,10,4,3,5,4,3,8,3,4,10,4,4,13,3,4,246,4,163,219,110,4,31,26,15,3,62,16,4,40,37,7,4,6,8,6,5,8,4,10,5,5,4,31,4,18,10,237,6,15,202,11,105,11,5,4,110,4,11,7,114,3,124,9,4,4,5,5,3,3,3,4,3,3,4,59,23,3,110,4,3,3,8,10,6,15,3,26,4,129,8,8,12,3,4,7,3,4,26,79,12,8,16,9,21,4,452,453,450,111,39,6,5,74,3,4,3,3,4,315,10,4,5,4,3,54,13,3,115,5,10,5,3,119,5,5,43,5,220,108,4,123,8,118,119,236,21,7,4,4,11,6,8,4,5,13,4,31,3,115,6,3,103,3,65,3,23,17,3,3,4,15,14,19,3,5,7,6,4,226,231,16,231,247,11,15,5,15,5,7,3,117,26,38,11,4,123,5,4,30,3,7,3,4,19,7,9,3,74,217,231,9,4,4,3,3,16,20,23,16,18,24,26,11,14,450,85,691,11,3,3,63,76,3,4,3,64,64,5,57,8,3,4,89,3,4,221,115,115,4,5,3,4,3,6,7,5,6,5,10,3,4,6,64,5,5,6,35,3,6,6,2901,230,3,19,4,3,4,1633,4,21,91,4,13,4,4,7,3,8,7,10,5,46,3,6,7,185,4,7,3,101,383,70,5,3,3,3,10,44,19,31,9,6,9,5,3,3,3,5,3,5,7,12,3,21,199,551,3,51,49,49,55,58,51,60,61,50,4,5,309,410,16,3,4,3,3,6,64,4,21,4,13,3,3,26,0,9,4,157,433,35,10,16,121,3,17,3,182,3,3,12,3,3,3,3,7,4,4,3,13,3,4,4,10,3,11,5,3,130,4,3,270,4,5,6,148,5,98,46,39,39,3,3,7,3,248,5,8,7,11,3,3,11,3,5,6,3,5,78,148,3,12,6,3,6,8,276,4,56,3,160,74,209,4,4,6,3,8,9,10,8,99,37,45,5,22,3,10,3,13,7,16,3,183,9,3,71,3,563,6,11,4,3,6,186,16,5,168,6,106,3,11,5,57,111,7,16,6,4,1058,111,5,50,11,7,11,3,8,4,24,15,31,3,11,27,27,4,6,17,3,3,3,23,11,3,5,5,4,3,4,5,58,6,4,4,527,15,87,4,4,100,100,4,106,15,4,14,8,4,40,4,16,8,9,12,8,4,3,3,4,9,8,4,5,4,3,337,3,91,3,3,9,4,94,9,4,3,3,3,4,4,149,112,100,104,104,56,57,5,4,25,13,5,22,3,3,8,4,7,47,3,17,73,34,20,12,6,26,3,4,16,3,20,9,4,20,198,5,3,23,24,3,245,7,27,59,245,6,3,5,4,18,3,3,9,13,3,9,185,3,6,3,5,6,7,6,4,3,6,6,5,101,5,11,10,255,14,19,5,168,10,4,16,4,5,3,17,9,3,9,5,5,5,5,6,53,4,5,4,190,111,762,28,6,3,86,116,4,3,46,27,10,3,22,1010,453,96,82,8,92,557,3,28,39,4,15,4,113,108,4,5,14,232,4,4,556,338,112,5,3,4,9,14,3,117,5,14,18,8,6,4,21,5,5,23,6,5,8,5,4,4,12,28,8,3,6,4,89,8,5,42,5,80,4,3,4,11,3,4,10,11,4,3,3,14,5,1077,3,4,3,3,3,106,229,544,2,3,14,3,3,3,4,48,29,3,171,3,118,170,3,75,7,45,9,131,3,327,106,190,246,3,19,5,3,5,30,3,3,30,30,24,5,256,8,13,245,5,5,5,26,5,3,3,223,9,28,3,4,208,18,118,4,190,1048,4,12,3,49,49,4,7,1013,290,16,5,22,3,3,7,5,3,3,19,13,5,314,3,4,14,3,246,35,3,58,5,44,33,402,6,61,123,1258,228,66,4,47,8,29,14,13,1478,19,14,39,442,30,745,24,13,154,7,203,75,17,548,3,4,4,10,4,9,10,4,21,6,4,6,8,4,3,6,9,3,4,4,3,4,6,7,7,12,3,16,7,7,3,4,11,3,4,4,108,3,382,3,6,9,5,106,104,9,5,104,8,268,8,226,3,4,5,5,1262,311,679,5,685,4,75,5,60,7,4,20,5,3,3,5,5,7,15,7,52,314,257,232,4,64,12,3,3,25,9,8,3,3,13,10,4,35,59,3,20,47,5,156,9,7,5,42,19,17,27,29,3,19,7,4,5,18,10,10,18,6,4,156,12,11,89,586,152,64,4,112,244,24,38,311,541,338,7,6,733,12,9,639,4,13,3,8,3,3,6,10,7,3,11,8,5,6,10,3,9,6,3,12,13,221,224,98,128,7,28,137,3,17,13,5,18,14,24,20,4,8,4,4,4,6,4,4,5,4,3,45,3,3,6,3,12,3,11,5,20,3,14,10,3,21,5,7,7,7,4,13,4,5,13,4,5,3,5,6,13,8,7,7,31,6,6,7,3,4,4,25,3,4,30,193,6,1168,37,7,101,5,5,4,3,5,5,86,106,9,5,5,3,4,3,9,5,4,5,3,3,5,5,4,3,5,9,5,219,97,340,4,23,38,3,25,66,102,9,3,303,24,102,3,99,3,74,8,42,3,75,3,102,7,45,3,3,37,3,9,3,3,3,102,103,102,100,111,103,114,102,39,3,76,95,3,35,3,25,29,3,67,72,3,93,107,108,8,45,27,107,36,4,3,14,4,774,221,3,8,1538,4,434,5,5,44,39,4,31,28,17,3,22,9,8,3,620,32,4,38,4,12,104,16,5,4,31,5,4,11,85,6,4,175,12,30,379,5,21,26,3,4,3,7,4,7,8,4,3,20,12,81,8,29,4,4,3,15,16,10,9,4,14,60,4,23,4,8,27,3,32,4,3,15,3,16,12,4,3,78,3,5,106,12,26,3,4,4,6,5,48,26,3,6,23,4,22,5,3,5,28,28,5,28,26,3,4,6,3,25,3,6,10,32,34,3,7,14,6,5,3,4,8,4,6,4,34,15,6,26,18,56,3,4,9,3,5,13,3,7,4,19,5,7,13,990,1745,208,436,4,3,3,3,27,27,4,29,27,13,5,5,5,5,27,3,5,87,12,27,27,6,9,5,4,6,4,5,5,4,3,7,3,11,3,4,3,7,4,32,6,29,7,9,3,5,9,10,11,150,6,3,5,3,14,3,3,5,14,3,3,4,5,3,9,5,6,17,6,3,5,94,157,46,22,630,14,7,785,12,124,4,11,4,11,7,15,13,11,9,7,3,7,4,4,11,3,4,112,3,4,28,17,4,13,5,3,4,4,13,100,4,3,2,43,29,3,7,3,13,13,7,13,106,5,11,3,274,3,4,4,10,335,3,3,11,3,6,6,121,34,3,3,26,7,11,4,4,13,6,3,7,7,4,5,6,3,7,5,4,5,4,10,6,6,4,6,3,7,3,5,3,7,41,4,3,242,15,4,4,21,488,9,114,309,4,846,4,114,351,10,33,10,10,5,4,101,107,3,11,3,5,3,198,98,3,3,6,124,3,19,56,9,7,170,23,6,11,53,44,3,3,3,271,4,6,6,126,3,3,48,19,40,7,5,7,19,4,7,19,3,171,5,4,4,116,3,202,3,3,4,4,8,3,29,2,29,3,102,100,4,7,3,103,64,5,6,58,4,56,3,6,4,4,13,3,4,103,101,98,7,4,27,192,1060,4,5,5,27,3,4,5,21,37,3,11,6,21,64,3,31,13,3,38,3,106,326,67,6,4,4,7,6,27,3,5,4,28,5,28,3,27,9,3,9,3,3,28,6,28,3,28,5,5,8,3,8,27,5,7,5,3,4,28,10,3,39,3,121,5,3,1320,38,38,5,12,150,11,5,4,8,4,4,5,4,34,5,3,3,6,93,4,3,7,3,10,3,3,4,324,15,170,43,820,345,316,10,160,4,7,193,7,3,11,17,6,3,23,8,175,4,6,3,7,6,7,13,4,153,214,11,58,39,3,454,116,114,4,8,151,15,4,114,82,4,99,6,8,106,56,4,18,20,156,163,152,161,70,587,228,6,10,3,10,76,3,3,17,8,21,15,3,3,15,3,3,5,15,3,3,3,3,5,11,16,46,6,7,6,3,5,27,30,4,27,5,5,7,698,8,714,20,3,6,12,957,23,354,4,25,225,9,6,4,12,4,11,22,152,11,3,11,5,3,31,4,4,4,5,4,5,5,4,5,4,77,13,8,105,98,10,280,27,12,134,116,513,8,82,221,13,9,8,3,4,317,6,10,145,10,6,4,3,56,3,13,3,18,15,13,13,3,18,15,13,13,3,18,15,13,13,3,18,15,13,13,3,18,15,13,13,3,18,15,13,13,3,10,506,3,14,13,3,10,17,3,14,13,15,17,3,14,13,15,165,243,52,5,6,7,961,8,4,8,48,5,5,4,4,109,915,4,5,19,4,5,7,7,7,7,7,7,23,114,5,4,621,5,4,95,20,12,275,5,4,7,6,5,4,5,5,1237,5,225,3,3,4,17,233,48,4,535,116,5,3,4,54,54,4,3,73,468,4,5,4,73,3,6,5,72,3,309,3,5,199,144,304,3,5,4,6,1223,495,3,48,159,4,10,4,207,4,303,3,337,5,3,7,3,5,7,24,22,4,13,796,202,98,36,5,15,5,3,4,11,4,26,3,118,9,3,9,16,3,3,3,8,3,3,3,8,3,12,3,4,6,3,5,3,3,4,4,5,3,58,5,3,7,25,9,4,13,393,4,13,4,7,3,16,5,3,7,8,4,3,186,5,107,105,6,13,11,4,22,11,4,41,4,4,4,3,3,452,3,179,5,3,1818,23,17,3,14,35,201,4,101,123,123,16,14,14,6,4,1170,3,3,3948,3,5,4,5,13,4,3,3,4,14,13,211,3,4,13,16,6,17,6,3,3,3,3404,577,4,32,6,5,16,5,6,4,4,8,117,1488,56,87,3,100,5,6,8,251,279,7,444,116,325,115,3,6,3,27,27,17,27,733,10,9,8,3,3,5,7,445,9,258,52,3,11,12,3,199,28,3,7,397,12,3,6,13,3,24,3,23,773,101,3,9,75,2825,157,2173,236,415,4,97,18,18,25,18,4,9,25,9,25,9,25,18,9,18,25,18,9,18,25,25,101,13,9,9,4,4,51,35,4,7,4,7,106,10,241,4,4,9,220,80,3,340,349,3,2056,23,3,271,3,205,23,4,4,453,7,3,4,5,3,5,3,13,5,3,25,4,7,66,98,452,88,3,6,17,3,7,4,8,62,3,15,3,10,84,3523,122,3,3,4,4,3,9,6,27,5,48,7,3,10,3,198,1864,12,4,11,3,21,3,3,5,6,8,3,3,3,4,11,3,4,4,3,3,10,119,5,3,4,60,4,4,12,3,4,8,4,12,4,6,7,3,26,22,4,3,3,3,5,3,3,5,3,3,4,5,3,5,4,11,3,4,4,13,3,4,6,4,4,15,3,43,5,5,26,6,32,8,3,48,6,24,1660,885,297,10,30,3,3,38,26,223,5,107,5,465,13,9,13,16,6,5,10,10,7,10,3,9,5,7,112,5,6,439,21,4,26,4,17,4,4,3,11,7,5,4,3,5,4,30,15,28,3,25,30,5,7,7,21,3,84,7,4,134,4,342,12,20,110,3,3,3,5,4,3,231,27,5,28,50,3,87,13,3,1679,785,5,2323,77,104,4,6,217,1988,7,571,7,740,248,105,4,1005,110,38,258,456,9,24,3,116,115,24,26,16,162,122,377,6,30,64,19,13,5,3,5,24,26,8,7,5,104,15,59,3,335,3,209,8,5,30,12,10,3,27,5,28,5,6,6,29,13,501,6,104,408,492,229,4,24,827,351,6,5,7,15,94,915,539,4,5,6,3,331,4,182,3,125,78,62,7,16,4,21,6,9,3,1563,7,425,228,3,4,3,6,47,3,3,3,14,2,31,3,5,3,6,4,9,212,329,13,4,19,10,3,3,3,9,731,17,100,9,3,94,199,9,15,10,212,8,4,201,8,0,4,417,1664,4,6,387,60,103,1925,434,309,3,12,862,4,6,3,17,1307,14,681,268,107,3,111,7,9,447,74,3,3,59,4,76,37,4,114,111,76,75,104,112,111,43,7,114,112,58,114,56,111,97,81,33,81,58,33,80,73,8,34,21,109,110,97,62,99,112,8,10,3,5,102,3,3,490,111,111,74,57,73,4,4,73,75,14,49,80,114,57,3,99,5,11,116,58,38,125,58,38,8,62,3,56,46,42,112,106,8,112,112,35,112,103,6,5,4,8,13,529,7,3,6,3,0,15,3,123,101,4,5,137,58,3,3,5,540,118,23,108,3,3,567,106,15,96,3,4,97,99,98,99,98,98,99,98,1469,3,1145,173,601,330,89,109,5,94,94,4,93,38,9,6,8,7,13,9,6,6,9,5,4,4,105,62,6,7,14,13,4,77,229,3,3,3,5,10,4,317,3,18,6,12,4,7,5,117,227,14,226,17,146,92,177,124,83,234,4,4,21,8,92,5,3,3,8,9,5,3,3,10,3,3,6,5,3,4,3,4,4,3,3,5,4,3,234,30,6,4,3,5,6,3,4,7,4,4,13,444,4,5,3,4,31,23,31,6,3,77,96,26,27,157,27,4,4,3,4,10,114,4,15,9,10,5,4,11,3,16,4,10,5,4,8,12,54,3,14,3,5,4,198,62,6,21,4,5,3,3,5,4,438,311,58,4,84,317,3,4,3,5,12,55,12,3,4,4,20,277,4,9,12,3,4,16,8,25,261,8,5,20,21,21,4,558,451,43,41,10,880,4,116,117,3,114,22,3,116,18,3,6,3,117,27,113,235,22,29,3,4,114,15,21,3,6,4,0,344,13,232,88,7,3,3,37,3,5,4,3,3,221,226,231,10,4,4,5,3,123,5,1121,27,12,10,3,4,449,758,218,105,4,4,87,3,18,8,16,3,25,18,24,10,7,3,11,5,8,98,107,689,3,3,3,3,5,57,8,3,271,334,9,5,4,115,5,4,5,3,207,5,9,12,427,3,6,111,2950,10,4,6,3,218,230,602,384,3,1676,4,27,23,10,8,8,3,3,10,3,7,302,4,7,3,29,19,10,9,4,3,3,3,11,551,5,49,3,49,49,61,49,50,50,4,365,332,60,4,3,3,5,4,64,21,62,3,3,26,9,4,5,121,3,5,259,4,3,3,131,3,7,4,4,13,6,4,3,4,226,11,4,3,5,228,3,5,5,3,5,3,15,5,9,11,5,13,66,3,8,3,471,4,4,3,4,6,7,11,243,1480,3,6,9,8,100,5,19,188,16,16,14,9,63,541,97,836,33,104,106,11,37,16,9,4,11,7,11,3,7,29,4,27,27,6,3,7,5,105,4,521,4,4,52,3,10,4,106,12,5,4,8,11,7,4,9,7,4,8,9,8,4,3,4,10,6,4,13,3,337,3,16,10,4,3,251,5,4,15,6,3,9,3,6,3,12,4,3,9,4,4,149,120,108,100,56,56,3,13,23,4,52,3,23,3,14,8,8,3,3,4,6,12,6,8,26,3,20,35,199,3,24,43,3,245,25,85,245,4,4,6,45,6,8,66,3,5,14,9,5,3,6,6,109,3,9,11,420,19,123,9,319,9,4,5,5,4,3,70,105,4,190,111,848,113,6,28,116,12,21,4,1113,559,332,68,5,8,92,1825,583,16,40,10,18,108,4,5,231,6,507,121,111,9,89,3,5,23,14,6,6,5,4,671,341,22,4,4,3,3,4,5,3,225,5,337,3,6,6,5,3,5,7,6,4,13,10,4,35,35,5,4,3,121,3,3,53,200,544,2,39,4,48,188,171,39,75,17,3,3,106,189,3,19,4,33,33,30,3,5,3,30,5,256,56,8,31,245,5,3,4,26,3,223,9,28,3,4,12,229,18,63,4,1450,4,3,49,51,59,49,15,57,51,48,49,4,311,16,5,22,9,73,3,3,38,5,327,17,3,4,35,33,85,33,5,47,33,447,6,4,61,123,1258,129,259,33,14,7,1533,19,14,39,11,56,7,34,657,3,6,9,10,4,4,10,9,4,7,4,6,3,4,9,3,9,3,4,3,7,4,8,8,108,3,382,3,6,9,5,106,104,9,9,5,380,8,557,4,3,11,4,685,4,5,13,5,3,15,7,391,639,31,4,64,4,25,9,8,3,28,25,5,266,3,9,7,19,40,19,6,5,7,258,12,11,86,587,153,296,112,540,332,13,732,12,1063,4,3,8,3,3,10,3,9,3,14,3,3,14,4,6,64,5,221,224,98,129,3,20,29,13,18,4,8,4,17,5,4,4,8,9,143,7,3,3,3,4,5,18,5,5,9,5,10,11,13,7,11,4,4,15,4,5,10,7,5,6,7,12,10,3,14,10,5,3,6,6,6,6,7,25,15,157,209,100,1227,37,7,4,3,5,9,3,5,5,3,5,5,48,48,5,4,5,3,3,5,5,5,116,9,5,219,3,39,80,21,3,44,24,32,39,60,8,29,3,75,3,75,33,102,7,3,8,103,39,102,3,4,6,13,106,3,8,39,3,76,3,3,102,3,103,102,102,102,64,3,76,97,3,3,38,93,107,3,6,96,27,4,93,96,33,36,4,3,1601,718,8,1438,4,434,12,47,36,36,5,4,31,28,31,25,28,34,19,20,28,8,798,171,38,462,95,6,3,1538,7,104,30,81,4,38,6,12,4,449,21,3,15,12,4,10,8,10,3,26,4,3,16,9,4,5,12,9,4,3,5,6,4,3,3,4,6,9,6,39,5,3,40,16,4,4,18,3,4,5,6,50,9,3,4,4,16,3,16,5,29,30,27,27,3,3,4,3,6,3,5,13,34,4,18,8,8,4,6,23,4,4,25,6,221,4,3,5,3,9,3,3,88,82,11,13,1121,3,4,52,29,4,3,30,5,27,3,5,5,3,31,11,64,5,6,4,5,661,4,14,4,5,168,5,5,29,7,9,10,250,7,4,3,6,3,5,7,3,5,3,11,10,3,3,6,5,5,5,3,13,5,6,3,5,156,22,514,14,780,12,102,4,10,7,14,10,19,13,3,5,5,4,122,4,27,7,10,12,3,4,4,4,2,5,4,3,3,3,3,13,38,98,274,4,10,222,3,3,357,212,6,121,34,3,6,10,7,11,4,9,3,31,8,3,3,21,3,3,25,10,26,7,6,5,16,10,6,7,4,5,23,38,3,4,3,3,203,17,8,21,455,9,551,114,28,849,123,351,4,4,101,107,111,684,439,198,352,50,46,3,7,124,3,17,179,23,6,11,49,5,3,48,7,1172,190,19,3,168,4,941,123,198,3,4,4,31,2,29,15,29,17,3,101,4,100,46,4,3,103,4,4,13,3,4,102,101,99,103,4,9,13,5,6,21,93,2,31,99,38,3,106,324,67,10,4,4,7,7,6,6,28,7,9,3,2,9,198,28,34,34,3,8,28,10,39,27,122,3,28,1779,38,3,5,12,43,5,8,72,194,4,96,4,29,4,12,4,15,48,4,829,347,10,117,262,11,108,270,7,3,214,374,104,2528,1287,214,102,8,151,125,81,48,99,6,8,106,13,36,5,222,4,156,233,71,375,228,6,124,552,10,11,3,5,3,3,17,3,3,3,3,15,3,16,5,6,7,5,7,5,659,3,22,32,949,461,31,3,225,10,4,12,159,11,6,11,4,11,11,3,3,4,6,5,6,4,4,4,4,851,223,98,10,280,27,516,3,219,1028,217,16,231,537,4,3,318,10,145,6,211,3,12,111,3,13,3,4,3,18,15,13,13,3,3,18,15,13,13,3,18,15,13,13,3,18,15,13,13,3,18,15,13,13,3,18,15,13,13,3,10,15,3,14,13,3,10,167,3,14,13,15,17,3,14,13,15,14,129,13,8,665,8,8,549,5,5,212,5,5,9,7,7,7,30,7,7,123,7,819,511,39,20,275,5,5,113,5,5,100,888,75,3,3,5,4,22,241,68,582,116,2736,4,3,5,258,9,5,72,3,870,5,6,122,12,302,12,8,8,5,6,1005,480,3,104,9,4,10,4,56,1291,3,5,29,5,3,13,736,7,5,458,4,5,4,26,9,7,126,3,16,3,4,11,3,5,3,5,13,3,3,14,3,114,7,8,10,3,300,5,3,3,3,6,25,11,4,3,3,509,1916,179,5,1560,123,15,14,205,4,118,98,12,12,16,14,10,9,3,4,3,5,5,4,3,3,12,13,13,157,6,17,117,4,3,2828,578,4,32,9,16,7,3,349,18,6,8,3,8,277,2,444,121,3,6,3,27,27,27,27,846,3,538,3,7,7,534,235,9,290,11,12,28,20,7,6,18,23,836,3,9,6,65,6,2590,654,301,18,4,25,18,9,25,9,25,9,25,9,18,9,18,9,18,9,9,18,163,4,4,735,4,6,5,4,10,348,1231,82,623,3,920,3,313,4,453,6,3,8,5,11,4,66,4,4,1131,451,116,3,7,3,3,163,3,3,5,9,5,5,62,5,3,1632,30,3,4,4,27,17,3,3,3,3,4,10,8,3,3,3,3,362,4,5,3,4,4,7,3,6,5,3,5,4,19,4,14,6,15,7,4,8,3,3,4,4,7,3,3,6,3,7,6,4,7,4,6,3,18,53,3,56,3,3,4,6,7,3,32,8,3,5,3,9,4,42,98,28,1683,13,258,10,8,16,3,3,222,107,13,9,10,10,644,7,114,6,453,19,4,31,4,17,27,3,7,5,4,15,3,5,7,7,512,3,7,112,10,3,3,9,5,13,3,13,3,841,1128,104,4,6,598,1975,3,47,59,7,400,182,49,4,6,110,38,115,4,239,6,3,3,201,124,30,3,3,8,3,15,158,170,333,4,5,28,7,27,13,5,2,15,29,501,104,312,534,230,856,766,24,94,915,539,4,5,6,3,10,62,6,3,21,6,436,7,383,226,3,6,47,3,3,3,14,2,238,5,3,3,4,9,1906,855,3,3,28,9,106,113,9,15,25,4,8,5,62,3,0,462,100,4,6,60,104,1658,4,6,3,17,14,684,268,107,92,234,6,59,106,111,3,59,10,125,79,79,4,122,107,116,9,3,111,30,114,77,77,4,58,75,56,75,112,79,77,97,107,78,33,74,97,79,77,81,22,33,78,81,3,33,112,4,4,10,3,7,114,76,4,111,3,114,4,3,8,18,67,4,73,58,29,124,79,105,5,121,57,77,116,50,33,107,105,5,112,6,112,106,112,112,103,6,158,13,487,7,3,8,8,123,3,102,71,3,4,4,5,4,3,5,2477,163,108,108,548,113,4,28,86,99,75,99,99,99,98,99,97,412,1249,3,29,121,682,273,99,111,62,4,76,96,655,3,12,7,4,3,4,9,5,12,7,3,4,221,4,6,14,17,3,94,235,3,31,10,764,13,12,3,7,4,18,112,9,7,553,445,326,146,68,4,117,214,4,4,235,83,4,83,80,3,90,5,12,3,3,6,5,3,5,6,6,3,13,5,4,4,3,4,4,5,4,3,9,4,365,220,8,104,4,4,3,4,5,53,53,30,62,21,9,3,96,4,488,3,7,7,32,4,3,3,4,16,4,345,14,4,199,7,10,713,101,8,44,113,4,5,4,4,8,3,3,3,298,3,309,109,665,3,5,4,19,3,4,554,4,3,6,23,333,8,8,3,129,3,7,585,1692,4,5,449,4,4,117,112,3,119,20,118,10,7,105,107,87,0,989,4,116,3,7,20,9,344,21,3,44,7,4,3,4,231,225,337,4,3,39,14,61,69,302,194,1134,830,11,5,6,3,211,136,212,448,454,8,23,20,9,196,15,689,57,57,63,3,3,325,332,4,3,4,115,8,7,9,3,3,429,6,111,3008,7,218,8,1722,1599,189,2723,22,3,301,3,55,9,9,244,3,11,4,3,5,5,552,22,5,3,49,49,56,56,4,59,56,4,3,316,224,14,7,3,4,15,21,3,19,0,9,2132,5,4,191,3,4,226,118,3,5,10,270,7,3,4,378,207,120,3,1201,242,6,227,4,3,19,18,19,507,5,556,723,33,106,11,16,11,11,3,29,4,30,6,7,105,4,121,4,101,3,10,106,7,322,6,9,337,3,10,5,13,3,11,114,108,97,101,96,237,4,7,8,6,8,35,198,24,245,245,3,6,104,7,15,3,103,157,7,3,3,3,103,419,19,125,4,3,9,4,9,9,105,105,4,4,309,11,3,114,42,13,22,5,462,219,8,93,638,9,4,113,4,3,5,107,4,563,449,111,230,5,4,5,17,3,4,6,3,89,4,3,9,23,3,35,8,6,4,5,4,6,5,5,7,629,4,1004,5,1244,5,132,3,54,356,5,57,2,39,9,50,19,39,75,229,329,106,189,3,3,5,93,5,3,44,256,245,3,5,5,3,221,9,28,3,5,5,3,30,220,18,59,4,226,4,16,3,49,50,49,49,50,36,4,60,4,53,51,3,289,16,5,3,4,3,3,38,5,207,327,3,19,47,361,6,61,123,1258,227,219,33,17,5,14,39,402,63,7,10,4,494,4,7,10,13,9,4,3,9,3,4,3,6,11,18,6,6,9,6,6,6,6,4,3,12,7,7,11,4,16,9,6,99,3,1534,3,9,5,104,9,8,270,8,4,11,685,4,5,5,3,15,7,710,64,75,70,3,5,266,9,7,3,3,7,366,12,11,10,254,741,485,352,112,540,332,13,732,12,1062,4,3,4,3,9,3,6,14,6,3,3,6,64,129,13,221,122,328,3,20,13,5,13,8,4,4,4,4,7,5,146,5,3,9,6,3,9,5,3,5,10,3,7,4,4,4,9,17,5,4,4,3,5,6,13,3,3,7,3,6,10,3,15,214,198,95,1227,37,7,4,3,3,5,5,3,5,9,104,5,4,103,105,5,5,3,5,5,219,3,24,102,100,45,8,102,109,3,3,113,3,102,113,103,103,3,39,6,19,86,56,33,3,107,107,110,97,3,4,27,4,19,19,4,3,4,11,3,54,38,1543,773,8,1437,4,243,434,36,36,36,4,31,28,29,34,23,8,1137,178,38,411,17,81,4,21,4,3,5,4,398,6,3,3,4,7,5,81,4,29,10,106,16,3,4,6,5,5,12,98,4,16,31,41,3,39,4,4,62,6,9,3,4,3,54,4,3,3,40,16,4,5,150,5,6,13,4,3,4,4,7,3,5,5,6,25,12,4,23,3,15,4,4,30,5,19,26,4,4,30,25,108,3,0,4,8,3,5,13,961,1411,52,29,30,5,13,7,3,5,3,13,6,5,192,4,5,7,4,34,81,5,30,6,5,6,19,11,10,3,31,3,4,6,4,5,6,3,5,158,22,369,14,797,12,102,4,7,19,3,9,4,124,4,28,13,7,16,0,4,40,2,31,3,3,13,38,98,274,4,10,336,3,354,6,121,5,7,4,5,15,5,13,4,10,5,4,3,20,5,7,3,5,6,6,3,5,246,26,4,4,3,19,7,5,38,3,17,3,3,202,17,8,21,9,551,114,851,123,350,3,6911,107,55,738,429,97,351,3,44,47,11,124,3,51,17,179,23,6,11,53,3,48,5,5,7,257,4,4,898,124,198,4,4,31,2,29,15,4,101,103,4,104,4,4,13,3,4,101,7,5,16,21,2,31,38,3,66,10,4,5,6,5,28,7,6,5,7,5,3,2,9,198,34,34,7,28,10,122,1318,38,38,12,43,5,268,110,9,4,96,4,28,4,15,43,829,345,10,117,382,7,3,214,104,2414,90,53,102,8,942,26,670,8,6,8,106,4,149,163,163,219,533,6,275,538,10,11,3,3,7,55,5,698,15,4,1120,462,309,4,8,12,71,11,48,28,4,5,3242,5,4,222,98,10,344,232,513,161,106,109,237,4,3,1419,10,144,6,211,12,111,3,12,3,18,15,13,13,3,18,15,13,13,3,18,15,13,13,3,18,15,13,13,3,18,15,13,13,3,18,15,13,13,3,10,15,3,14,13,3,17,3,14,13,15,17,3,14,13,15,14,4,8,804,8,8,5,215,38,122,7,677,107,4,20,5,5,5,5,44,1132,4,20,233,68,231,115,1181,3,69,19,3,4,3,5,4,5,24,3,310,3,8,214,8,5,8,5,5,57,5,50,
10,6,5,5,5,5,5,5,10,11,5,6,6,5,4,13,5,5,94,21,94,14,4,4,13,5,16,7,5,39,26,5,5,36,41,7,54,7,18,4,12,5,94,12,94,34,41,12,29,15,35,7,86,5,7,18,17,12,7,3390,4,7,5,58,48,5,58,40,68,55,6,43,22,48,52,11,7,4,4,7,8,5,7,7,4,6,118,8,6,5,5,11,5,4,12,11,23,4,7,239,25,41,44,13,13,5,5,5,23,11,51,20,5,23,11,51,20,5,23,11,4,22,7,4,110,71,12,4,6,20,5,4,15,11,245,11,16,5,5,11,4,9,4,5,4,13,58,9,5,7,12,11,4,7,4,7,4,7,4,7,4,33,4,76,4,76,4,76,4,76,28,28,28,28,28,28,28,28,28,28,28,7,5,4,7,4,12,4,6,9,6,5,7,10,14,6,8,7,5,47,7,14,13,10,10,10,6,4,16,12,4,11,7,7,7,7,10,18,6,5,6,4,5,30,4,6,13,23,3,39,158,7,6,6,4,19,41,39,4,3,4,39,39,4,39,39,4,4,39,4,39,39,3,39,10,10,11,11,6,12,4,10,10,13,12,6,5,6,5,5,11,5,14,5,14,5,201,13,4,4,7,12,4,15,62,5,20,13,8,6,12,4,25,4,16,13,6,24,5,6,14,4,7,5,81,4,7,4,4,8,6,14,4,4,5,71,71,7,134,235,13,80,5,19,9,4,19,26,19,10,19,10,4,19,26,19,10,4,19,10,4,19,10,19,10,4,19,4,19,19,4,5,573,5,5,6,6,12,11,8,11,6,18,4,4,16,8,14,12,9,10,11,4,9,9,72,12,11,4,13,21,17,10,14,19,4,15,8,4,6,5,120,11,233,9,8,27,8,8,4,5,10,7,7,5,4,13,5,6,27,5,8,32,15,5,6,6,15,5,6,8,5,29,5,15,5,6,7,6,10,19,16,5,8,4,8,7,5,5,5,7,35,15,8,14,6,6,9,6,20,10,9,4,8,7,5,19,7,8,4,9,12,6,10,7,14,6,17,5,5,119,11,5,121,11,7,5,13,7,9,11,6,13,15,4,10,4,14,15,4,4,5,4,4,8,5,4,27,4,4,11,36,8,4,4,4,14,5,13,22,5,7,4,4,7,9,4,8,10,15,5,5,9,8,4,5,24,4,13,5,5,7,11,7,4,20,8,4,19,5,9,4,7,5,5,20,6,12,4,114,4,8,4,11,4,10,4,15,4,8,4,6,4,10,4,67,31,4,4,7,5,4,4,4,357,8,10,34,5,10,4,24,4,7,4,21,68,4,4,4,4,10,4,4,6,4,7,4,8,12,26,14,6,14,23,7,6,9,7,5,8,77,10,28,11,10,5,4,11,5,5,42,20,9,3,7,4,8,14,19,39,65,13,14,39,4,4,39,28,6,14,39,4,4,6,6,211,4,6,5,7,19,4,232,6,4,7,6,8,14,18,10,7,4,4,10,8,8,8,6,16,9,6,21,8,6,23,18,4,10,32,19,55,5,4,31,5,34,4,23,27,4,5,32,27,11,6,9,7,9,6,13,5,6,9,8,4,4,85,18,10,12,7,4,6,15,17,5,5,4,18,10,7,4,4,4,6,16,16,5,29,7,18,4,4,119,5,45,5,10,16,6,5,4,31,5,10,29,6,19,5,4,13,5,6,15,5,5,4,16,18,6,29,19,4,5,4,5,5,18,18,5,4,28,5,10,6,10,10,19,4,10,10,4,13,12,4,18,20,7,4,12,7,27,6,54,6,8,7,6,9,10,6,4,6,55,7,116,101,6,12,13,10,4,4,5,5,4,4,5,228,15,6,4,51,143,10,17,5,19,16,20,42,28,3,4,28,4,16,5,4,153,14,6,12,6,10,10,10,10,7,6,4,6,5,89,115,109,109,16,7,14,19,11,7,14,4,6,4,13,7,7,5,49,4,15,4,4,25,5,5,7,5,6,6,7,5,6,6,18,11,4,60,11,4,11,13,6,8,552,123,7,8,13,4,4,4,5,9,4,49,6,23,235,15,4,8,5,6,4,28,4,6,6,200,10,4,6,39,12,6,9,13,6,85,6,100,4,5,4,89,100,4,5,4,24,4,20,5,6,117,8,9,4,6,58,8,15,6,28,5,28,65,8,6,4,6,5,7,14,7,21,32,10,4,6,4,100,4,4,5,4,117,6,29,9,4,8,40,40,4,4,6,6,14,6,6,11,16,7,9,4,4,5,5,15,8,4,8,5,5,11,6,4,18,6,14,40,40,3,6,6,5,11,6,6,30,26,6,17,5,3,6,7,2,4,14,3,41,18,8,13,6,10,9,8,4,4,12,6,10,6,23,4,7,8,7,5,26,445,7,4,7,12,7,5,25,8,77,118,4,5,12,6,5,6,5,29,4,12,9,13,4,11,4,4,6,5,5,5,12,121,5,92,13,7,5,6,5,7,4,43,7,15,63,17,7,6,4,4,5,9,16,5,5,4,5,5,16,6,5,4,16,6,5,4,22,23,4,6,5,4,20,6,5,4,148,4,7,21,8,82,43,4,10,6,6,35,22,4,12,9,24,4,21,5,5,7,4,4,8,4,48,4,4,4,4,5,4,4,16,8,5,11,39,8,6,17,5,6,18,3,44,6,4,4,4,4,8,5,5,10,5,9,6,4,7,5,11,6,9,5,4,9,5,6,4,10,10,6,5,5,15,4,4,8,4,9,6,22,11,8,9,4,3,71,18,6,15,4,27,32,4,5,5,5,5,5,5,5,5,5,4,7,15,4,12,13,13,14,43,249,10,12,6,10,10,10,22,4,26,5,15,5,6,5,5,21,6,24,4,6,6,5,5,6,5,5,4,8,6,5,4,5,10,6,19,4,5,37,8,8,7,6,6,4,6,4,8,6,6,121,4,6,4,75,112,108,77,112,108,8,18,4,82,31,112,84,4,39,112,81,111,169,121,81,113,83,79,79,9,104,118,106,79,77,113,14,4,113,31,75,76,113,112,5,61,80,78,98,97,82,108,97,76,102,99,98,106,75,81,98,108,98,74,100,82,82,33,75,97,82,82,34,99,82,76,77,82,113,9,110,56,100,9,58,113,113,6,9,5,6,7,5,39,91,113,4,29,9,6,111,79,106,74,58,77,112,58,75,9,82,106,76,51,82,84,105,113,102,112,91,79,50,126,80,129,106,129,91,8,115,100,113,92,6,58,82,82,73,100,122,97,82,98,124,99,104,98,97,113,50,39,113,52,40,110,73,66,82,52,107,51,52,107,107,52,113,113,113,113,36,113,113,7,567,4,128,93,8,8,11,8,27,5,8,9,14,14,8,18,5,5,10,5,4,5,22,22,26,16,18,5,20,49,20,137,4,13,9,5,5,12,12,6,5,16,8,5,5,21,21,5,5,82,101,100,100,100,100,99,100,100,99,100,4,7,8,17,8,4,9,10,5,6,6,5,96,98,75,95,94,63,60,97,13,5,7,6,7,16,13,14,14,10,6,6,6,10,13,11,8,7,13,7,7,5,6,5,4,4,5,12,7,7,14,10,17,7,5,6,8,6,11,4,5,5,5,4,7,4,20,14,21,39,56,27,84,104,84,12,12,4,61,6,6,4,5,8,6,10,6,4,12,11,5,4,9,5,6,11,5,4,5,10,5,219,219,220,103,165,32,25,5,38,33,16,42,35,10,6,4,6,5,7,4,9,7,19,5,7,9,20,5,5,12,6,5,13,14,4,7,8,17,13,5,9,5,8,8,4,5,9,13,7,10,5,5,23,11,9,4,10,11,15,196,4,8,13,4,9,9,13,8,6,8,19,8,8,5,8,7,7,4,4,7,10,6,6,9,15,6,222,39,7,6,42,5,15,5,11,9,15,11,5,9,6,13,4,4,6,5,6,225,7,21,5,6,6,6,14,4,8,4,4,115,97,21,4,4,11,4,24,4,15,6,16,7,212,119,14,10,14,10,5,15,12,5,6,6,10,19,8,13,104,6,11,4,113,4,6,333,15,21,11,54,26,8,5,690,12,61,64,76,64,61,5,58,4,65,4,7,6,9,22,223,83,116,72,10,4,7,15,21,9,14,11,8,7,5,5,6,9,35,349,11,6,5,4,5,4,5,15,112,5,5,12,7,15,21,5,7,4,14,5,4,11,4,11,9,3,23,5,4,8,6,10,3,9,7,5,11,16,16,5,12,41,6,4,4,11,12,6,5,8,4,8,296,213,8,4,22,6,5,289,5,6,9,14,17,15,45,198,36,4,5,13,13,8,4,4,16,26,5,9,5,4,47,8,8,5,5,6,8,4,9,5,5,8,4,4,8,14,4,4,7,5,9,20,5,7,8,4,5,6,51,53,4,7,59,50,50,51,49,52,60,52,51,5,13,8,16,16,73,630,8,14,52,8,4,8,7,8,3,4,14,7,4,14,11,3,4,39,19,7,12,30,6,5,17,14,5,22,14,5,4,22,4,14,20,6,62,7,71,6,14,4,6,31,17,15,4,87,5,19,5,5,12,5,4,14,15,8,79,7,9,23,16,5,4,22,11,4,35,4,23,10,4,10,4,5,6,5,5,5,4,10,5,11,6,10,4,6,8,5,4,7,4,11,4,9,6,4,6,6,9,6,41,10,4,8,9,4,16,6,12,60,6,4,4,6,8,100,4,8,7,4,9,5,4,9,4,4,82,4,4,6,11,4,186,5,7,10,10,5,13,9,13,13,44,6,6,22,6,4,10,6,4,23,9,4,14,4,24,10,4,4,5,11,5,11,5,5,30,9,10,27,6,5,5,5,12,6,4,4,117,11,9,5,17,8,60,17,7,4,4,9,16,5,5,4,4,4,8,361,12,7,5,11,12,6,3,12,12,6,28,6,28,6,28,5,6,39,6,6,7,18,20,4,4,4,21,70,4,4,23,4,12,4,8,12,6,6,4,7,14,4,4,6,7,5,7,130,6,8,106,42,79,13,7,6,4,147,10,4,5,11,9,7,12,5,6,4,12,14,7,6,36,8,4,4,10,13,8,11,5,5,144,38,6,121,115,105,80,101,54,7,12,5,12,9,8,14,9,164,4,5,19,6,4,4,10,5,7,4,4,5,30,17,4,4,10,10,4,21,52,4,4,18,6,15,9,15,19,22,4,4,13,6,4,62,4,4,8,17,8,4,7,5,5,4,8,4,5,6,5,9,8,19,4,4,5,4,4,4,9,4,6,8,17,18,14,80,63,4,431,5,37,7,5,6,5,20,16,8,5,7,15,55,40,11,11,12,7,6,49,98,6,7,13,5,5,5,10,5,5,5,5,5,6,5,6,15,4,88,7,5,4,4,5,4,4,28,14,9,4,8,5,85,115,15,4,4,7,5,6,7,4,5,17,10,16,7,9,14,9,5,5,4,348,6,6,15,6,5,25,6,4,6,4,89,4,7,10,15,8,5,10,8,8,26,7,5,5,21,9,8,4,28,13,8,15,30,5,6,5,5,17,8,4,28,12,5,7,5,5,11,235,5,4,5,4,18,5,5,6,19,12,8,14,8,7,6,7,5,4,4,5,5,4,5,4,5,8,6,5,15,8,4,8,10,6,5,15,4,14,8,4,12,69,5,3,30,4,30,30,4,4,5,4,5,20,28,14,31,30,6,4,4,22,15,28,4,12,28,4,13,9,12,3,28,6,76,8,32,5,18,7,11,17,5,87,41,16,15,7,6,4,5,6,3,6,6,4,23,11,31,14,36,16,11,4,14,21,14,4,14,65,8,16,42,283,9,9,5,4,5,81,5,4,43,67,12,247,6,21,4,6,4,7,22,5,4,14,15,13,4,6,10,25,15,184,3,42,42,42,4,14,4,14,4,14,42,19,5,4,5,8,3,46,17,9,15,13,13,4,121,64,21,4,8,7,7,9,6,7,13,7,8,13,14,6,31,4,7,50,50,50,4,52,51,50,50,50,58,52,51,5,8,4,4,7,7,13,91,12,6,15,8,6,12,8,9,3,14,6,4,16,4,14,14,6,16,3,86,8,12,14,24,8,4,63,5,32,21,28,21,4,5,247,36,95,4,4,20,6,13,4,5,7,41,46,7,62,8,4,11,15,67,15,4,57,29,9,4,6,4,15,10,6,6,15,37,5,6,5,20,16,8,5,186,7,15,53,40,11,11,12,12,12,15,8,6,93,5,6,9,30,152,12,5,118,5,7,5,11,7,5,5,5,9,8,5,7,7,4,5,342,4,8,7,4,4,11,4,7,8,5,34,5,5,8,4,7,6,8,8,28,6,13,7,17,5,5,5,5,5,5,6,12,4,8,5,4,5,7,8,11,5,5,6,5,12,6,5,5,5,19,6,5,259,13,50,23,68,95,95,95,6,61,9,260,5,50,16,21,4,4,107,4,6,8,6,4,17,5,10,10,16,5,697,56,4,13,40,5,28,65,6,15,6,4,5,5,15,26,76,10,243,9,4,4,38,4,45,4,102,4,21,48,5,17,14,5,6,4,30,22,7,18,57,20,6,14,4,28,4,20,8,5,6,4,8,19,4,4,8,11,7,4,15,6,5,8,4,12,4,6,10,87,354,4,5,77,115,115,113,6,4,8,5,5,5,6,119,26,19,11,13,53,5,5,9,9,4,8,6,85,12,4,14,14,8,4,4,7,19,4,12,4,6,8,5,9,9,6,5,30,112,4,5,52,4,4,5,5,9,7,16,7,14,6,18,8,158,10,4,4,11,4,9,9,4,17,10,10,6,6,8,7,13,7,8,13,85,26,42,5,6,15,4,6,5,4,5,4,4,29,8,25,13,8,10,36,18,138,30,14,4,5,6,5,32,4,27,5,10,8,5,18,10,9,8,9,7,19,12,4,10,9,9,5,6,12,11,18,6,4,6,6,6,4,6,8,4,246,10,17,5,9,14,5,4,7,11,17,6,5,6,6,36,7,7,7,8,4,5,5,12,6,13,4,15,6,15,5,12,6,6,4,9,6,54,6,5,5,5,5,5,10,5,5,5,10,5,10,5,9,5,5,11,5,5,10,9,5,5,5,5,9,5,5,5,5,5,6,8,43,4,37,4,41,4,4,103,4,40,4,5,6,4,41,4,6,8,44,44,5,35,103,4,98,4,100,41,8,36,96,15,40,77,96,62,4,30,5,77,43,59,6,4,9,65,14,107,43,4,103,4,38,4,43,58,78,4,104,59,105,102,105,103,103,40,103,64,4,36,4,5,4,4,4,43,62,4,4,108,67,28,107,98,108,89,32,4,46,5,4,76,103,5,131,327,5,91,24,23,6,4,25,17,6,42,44,25,6,19,4,6,20,10,25,10,7,13,5,369,17,7,6,27,5,13,7,20,5,81,5,55,50,5,5,217,5,4,28,14,13,82,5,5,111,6,6,27,4,8,20,5,15,5,14,24,25,72,82,37,30,22,27,20,10,5,5,75,17,30,33,7,7,5,5,81,79,5,7,6,60,6,4,7,4,5,4,5,279,6,5,81,13,6,4,44,5,21,28,5,7,7,4,32,5,136,46,32,5,7,5,13,14,7,33,25,40,4,4,6,4,81,34,5,11,10,7,5,7,16,7,90,5,4,6,5,6,4,10,8,4,5,9,9,9,6,6,6,17,7,12,17,5,5,35,4,9,5,9,73,6,7,24,5,190,40,40,6,6,6,28,6,28,6,28,21,42,15,5,8,11,3,4,5,29,13,28,6,4,14,5,15,8,29,65,4,7,8,29,11,6,29,13,7,8,5,5,5,5,8,6,8,5,4,10,5,4,5,14,8,5,12,30,11,30,30,44,8,233,218,7,57,9,4,40,6,6,37,21,20,5,4,6,9,4,4,7,4,4,10,16,4,8,7,13,8,6,4,16,20,4,5,4,4,7,8,28,4,14,8,4,7,6,95,5,3,17,20,4,124,27,12,4,113,5,6,77,44,262,121,7,15,6,6,7,6,10,7,11,5,244,8,4,11,7,5,19,16,12,8,5,8,6,5,5,4,5,4,6,5,4,4,5,28,3,4,14,4,14,8,4,4,14,5,4,15,6,14,12,6,34,7,6,19,10,3,36,23,4,30,5,5,4,14,30,4,15,16,4,12,8,4,14,8,11,6,14,7,7,23,7,6,12,3,38,106,8,4,4,6,5,4,5,4,5,6,4,5,4,8,26,155,30,14,4,4,4,4,10,109,5,11,5,9,16,5,9,16,8,8,11,6,12,4,6,4,6,6,17,4,14,10,6,7,4,5,4,9,15,36,5,7,23,4,18,8,6,6,4,4,4,14,38,6,4,8,10,4,6,4,31,41,4,4,8,5,61,42,108,5,5,5,9,7,6,4,6,9,10,6,10,14,10,9,4,9,98,10,10,6,13,8,5,10,4,7,21,21,5,14,20,18,6,5,6,14,6,6,4,6,4,6,13,4,6,4,5,6,6,5,6,11,5,4,50,50,7,25,6,5,8,7,9,163,4,20,20,6,70,6,6,5,29,114,7,4,4,7,6,83,12,5,48,4,11,4,207,61,5,4,5,6,14,50,19,9,8,216,39,969,4,5,6,4,28,14,17,5,4,5,17,10,11,11,6,10,6,6,7,16,5,5,116,14,5,14,16,19,6,6,17,16,8,4,11,5,32,5,5,14,24,10,4,3,3,6,20,24,6,12,16,10,14,5,39,8,39,12,39,65,6,16,21,14,5,39,7,13,6,39,11,9,39,14,40,4,5,6,6,9,10,15,39,12,37,39,9,6,7,28,9,8,4,9,39,5,39,6,6,8,28,8,6,5,5,9,7,22,19,7,6,5,4,4,16,4,11,29,6,3,18,19,20,18,3,3,5,32,24,3,18,5,4,16,39,39,4,39,3,5,4,7,4,50,4,6,7,6,4,6,7,8,6,23,29,8,6,28,6,6,10,29,6,11,29,10,29,11,16,9,9,6,6,28,4,11,6,9,6,29,10,29,29,29,9,5,28,9,4,32,7,29,6,6,28,5,6,29,7,6,6,5,29,35,28,11,6,9,34,29,10,6,9,13,11,12,9,17,5,170,16,19,39,4,3,4,39,4,6,100,8,5,106,45,4,5,5,4,26,7,5,4,6,5,15,6,4,23,20,5,4,14,30,11,15,5,4,7,15,14,6,4,7,11,4,4,17,10,14,6,4,6,18,6,109,4,204,82,8,5,36,20,49,4,4,237,9,13,232,8,14,5,9,339,4,4,6,5,19,28,121,4,12,18,5,62,36,14,83,4,21,7,7,5,12,7,12,6,8,9,6,5,5,5,12,12,6,468,346,26,6,9,14,9,15,5,5,13,18,7,9,14,6,17,26,14,6,213,290,5,167,234,163,234,229,223,229,7,21,13,6,4,5,6,6,10,11,12,17,4,7,7,6,15,6,11,12,4,4,8,11,6,8,11,12,4,4,6,5,4,6,4,56,7,7,5,5,9,17,6,16,3,4,4,11,7,5,4,14,28,12,28,5,4,28,17,4,28,13,6,5,6,8,116,12,18,13,5,5,6,4,19,7,4,10,14,44,5,5,104,31,27,6,36,17,13,9,7,6,32,20,5,4,10,5,42,84,10,5,199,4,6,6,4,10,7,4,4,310,5,4,4,5,12,5,5,4,2849,12,5,5,4,11,5,6,5,4,126,5,73,9,6,6,4,6,23,14,6,15,6,4,8,9,6,4,24,5,7,4,6,5,65,61,6,5,7,21,15,7,16,10,4,8,16,13,9,8,24,6,14,6,25,5,11,39,41,20,7,4,9,4,5,4,7,4,5,5,4,9,6,10,10,5,5,7,4,4,4,10,5,4,6,96,8,25,11,4,6,4,15,5,5,4,7,4,60,7,49,5,11,14,21,10,8,7,9,9,5,6,4,5,4,21,18,4,4,8,7,166,7,7,13,4,7,7,10,4,7,7,10,4,5,4,6,4,4,6,4,5,4,6,15,17,17,17,5,5,4,6,4,19,6,4,4,4,4,5,5,4,26,13,6,9,35,4,6,15,41,14,4,7,6,7,16,4,6,14,4,6,4,14,5,5,4,13,7,14,7,6,16,6,14,8,14,239,4,19,16,14,14,4,19,16,14,14,4,19,16,14,14,4,19,16,14,14,4,11,4,19,8,5,4,5,6,10,6,5,4,4,6,4429,15,5,6,10,14,4,7,4,4,6,5,16,16,239,4,15,14,16,18,4,15,14,16,10,5,15,5,14,6,8,6,21,5,5,5,5,4,4,326,14,13,14,6,10,9,6,5,6,11,6,8,6,8,6,13,6,11,6,8,6,29,25,7,10,28,20,5,6,29,113,7,60,7,26,8,8,15,6,14,18,10,6,13,8,11,13,5,13,25,276,12,25,15,25,4,5,5,73,12,53,4,5,18,7,606,5,130,5,5,7,7,10,6,5,37,5,223,50,54,55,5,47,55,45,45,51,16,9,5,4,4,37,32,15,55,55,50,55,5,5,22,37,32,40,55,55,5,565,37,15,5,55,5,15,6,5,74,4,37,7,6,73,286,9,4,6,11,13,10,4,7,7,37,15,5,4,4,41,15,46,53,5,15,7,9,12,6,12,5,7,6,6,4,11,7,5,10,68,5,4,4,13,7,6,19,7,16,9,8,12,4,17,13,4,4,6,22,7,6,6,23,8,4,6,6,25,5,16,72,12,4,5,6,6,4,18,4,6,11,6,13,10,4,11,6,5,5,4,5,5,5,5,6,14,14,6,9,5,8,8,9,4,5,4,15,6,7,4,12,4,20,7,4,7,13,12,5,5,412,4,15,4,5,6,8,4,7,8,4,10,5,6,11,6,5,5,5,7,4,10,10,6,4,4,27,4,4,6,7,4,4,47,5,13,5,12,5,5,4,10,10,11,11,13,12,12,6,14,19,13,11,119,4,4,17,5,18,21,26,18,19,18,5,6,17,5,30,18,22,42,29,18,19,19,5,18,6,122,18,126,5,13,25,15,15,7,6,5,7,12,6,8,4,4077,13,4,6,15,6,6,5,5,4,5,9,1561,349,5,64,5,12,162,64,102,14,4,4,12,15,26,14,19,46,14,16,31,41,35,14,7,21,14,4,4,14,12,14,16,35,16,7,18,18,7,4,4,537,7,5,7,6,30,17,4,6,7,8,7,5,5,10,4,5,350,992,4,101,120,7,222,110,110,160,252,110,278,6,6,5,4,7,5,87,5,5,33,5,9,303,116,4,7,12,4,12,4,4,28,28,28,28,5,4,4,897,11,7,20,212,22,4,563,5,4,881,61,49,16,10,11,6,14,4,12,13,12,4,5,15,6,5,4,8,29,8,27,8,29,1601,8,9,8,398,5,8,7,25,7,24,4,8,4,4,24,381,5,5,4,9,7,4,54,2049,120,115,4,1435,9,419,5,98,5,19,10,4,19,26,4,19,10,19,5,11,19,10,19,26,19,10,19,10,19,10,19,10,10,26,19,10,19,19,19,7,5,52,7,5,581,4,11,5,670,347,12,176,4,5,68,6,86,309,4,953,4,58,4,6,5,8,10,453,120,79,5,8,5,11,4,5,8,6,5,16,22,13,6,7,5,7,6,10,4,16,13,6,9,4,6,8,4,5,6,9,5,7,4,9,7,67,6,452,89,4,345,169,8,7,4,4,12,8,5,14,4,4,4,11,4,6,25,4,16,7,12,4,4,122,4,4,42,5,4,4,6,5,5,7,5,24,4,7,11,28,6,6,11,4,4,11,4,1931,32,4,4,5,23,4,4,5,8,29,5,9,4,27,28,4,4,8,4,5,12,31,4,23,244,11,31,99,4,4,65,6,4,7,10,4,239,99,108,277,529,14,4,10,7,14,17,92,5,6,6,36,5,45,21,6,23,18,11,11,648,10,6,5,8,5,4,8,4,5,8,4,15,5,18,5,4,16,129,4,4,6,6,229,6,18,6,13,4,5,18,18,5,30,26,5,29,21,10,8,651,4,7,137,5,113,6,34,5,450,14,114,4,4,47,118,6,4,6,4,5,5,4,228,6,32,4,14,4,38,20,643,6,2246,78,105,5,11,12,14,215,1876,284,5,92,572,7,446,5,4,313,44,250,106,5,6,39,12,116,18,5,10,16,4,4,119,23,4,4,119,4,4,159,162,7,17,387,9,109,31,31,65,20,7,4,7,12,6,25,4,4,119,23,4,47,21,9,8,105,5,4,6,8,8,11,162,5,230,4,488,4,4,210,8,8,4,6,8,7,23,18,6,23,23,29,6,7,26,6,30,4,7,30,41,502,7,6,1223,106,10,313,5,11,15,862,352,7,7,5,8,8,77,604,538,95,5,6,7,4,332,5,97,52,4,6,7,4,7,63,11,5,5,7,5,12,4,426,10,115,4,4,7,48,4,4,4,15,8,4,39,7,4,3,32,229,6,4,4,8,5,10,1907,6,11,5,5,481,9,6,4,21,11,5,6,4,6,15,577,57,4,17,10,379,107,115,10,5,116,197,16,11,11,4,981,22,22,6,211,217,88,13,200,211,205,6,5,6,5,528,711,5,7,791,61,49,337,339,325,262,5,4,5,4,4,7,4,8,5,6,115,4,16,4,637,15,685,326,44,56,130,341,611,4,107,5,59,4,4,112,5,79,108,77,77,9,37,112,79,6,81,113,6,341,81,75,98,92,79,108,112,111,78,122,75,6,113,78,76,79,113,58,59,60,60,61,82,80,79,100,82,95,113,59,81,58,82,98,98,31,63,100,82,35,39,97,82,106,99,82,78,98,33,100,9,113,113,9,12,6,563,445,112,249,6,130,112,76,76,5,10,47,47,71,75,12,81,106,114,106,122,91,76,71,121,75,79,76,81,106,118,79,113,117,58,29,107,121,106,40,73,113,47,97,82,99,114,97,99,104,65,58,29,40,73,113,48,113,113,107,107,113,107,113,113,36,35,7,2499,75,422,89,12,4,8,8,19,5,6,7,8,4,14,8,4,6,38,102,119,51,114,4,6,41,138,6,120,11,113,166,14,6,7,15,13,9,5,582,216,21,5,98,100,62,43,100,100,99,99,100,98,4,6,14,4,5,4,4,4,4,5,4,4,4,695,4,17,8,20,5,4,6,581,5,331,22,6,5,5,65,81,94,5,5,13,5,10,5,6,6,6,4,4,7,6,8,4,6,19,4,90,4,5,16,7,6,4,5,232,11,28,4,4,5,7,4,4,6,17,7,5,4,8,9,5,7,5,6,8,6,6,5,7,4,4,225,5,24,5,13,5,177,125,203,11,41,4,5,20,15,4,8,4,4,4,4,5,4,11,7,8,5,4,10,6,12,5,23,7,6,5,4,166,4,11,5,4,8,5,4,9,4,5,11,5,5,14,4,5,247,5,164,220,111,5,32,27,16,4,63,17,5,41,40,8,5,7,9,7,6,9,5,11,6,6,5,32,5,19,11,238,7,16,203,12,108,12,6,5,111,5,12,8,115,4,125,10,5,5,6,6,4,8,4,5,4,4,5,60,24,4,111,12,4,4,9,11,7,16,4,27,5,130,9,13,4,5,8,4,5,27,81,9,17,10,22,5,453,454,451,112,40,7,6,75,4,5,4,5,316,11,5,6,5,4,55,14,4,116,6,14,6,4,120,6,6,44,6,221,109,5,9,119,120,237,22,8,5,5,12,7,9,5,6,14,5,32,4,116,7,4,104,4,66,4,24,18,4,4,5,15,20,4,6,9,8,6,227,232,17,232,248,12,6,16,6,8,4,118,27,39,12,5,124,6,5,31,4,8,4,5,20,21,10,4,76,218,232,10,5,5,79,4,17,21,24,17,19,25,27,12,15,452,86,692,12,4,4,64,77,4,5,4,65,65,6,58,9,4,5,94,4,5,222,116,116,5,6,4,5,4,7,8,6,7,6,11,4,5,7,65,6,6,7,36,7,7,2902,231,4,20,5,4,5,1634,5,22,92,5,14,5,5,8,4,9,8,11,6,47,4,7,8,186,5,8,4,102,384,71,6,4,4,4,11,45,20,32,10,7,13,6,4,4,8,6,4,6,8,13,4,26,200,552,4,52,50,50,56,59,52,61,62,51,5,310,411,619,4,5,4,4,7,65,5,22,5,14,4,4,27,19,10,1445,158,434,36,11,17,124,4,18,4,183,4,4,13,4,4,4,4,8,5,5,4,14,4,5,5,11,4,12,6,4,131,5,4,271,5,6,7,6,99,47,40,40,4,4,8,4,249,13,8,12,4,4,12,4,10,7,4,6,79,4,10,4,10,9,277,5,57,4,161,75,210,5,5,7,4,9,11,12,9,100,38,46,6,23,4,11,4,14,13,17,4,184,10,4,72,4,564,7,12,5,4,7,187,17,6,282,7,107,4,12,6,58,112,8,17,7,5,1059,112,6,51,12,8,12,4,9,5,25,16,32,4,12,28,28,5,7,18,4,4,4,24,12,4,8,6,5,4,5,6,59,7,88,5,528,16,89,5,5,101,101,5,107,16,5,15,9,5,43,7,17,9,10,13,12,5,4,4,5,10,9,5,6,5,4,338,4,92,4,4,10,5,95,10,5,4,5,4,5,5,159,113,101,105,105,57,58,6,5,26,14,6,23,4,4,9,5,8,48,4,18,74,35,21,13,7,27,4,5,17,4,21,10,9,21,199,6,4,24,25,4,246,10,28,60,246,7,4,6,5,19,4,4,10,14,4,10,186,4,7,4,6,7,8,7,11,4,9,7,6,102,6,12,11,256,15,20,6,169,11,103,17,5,6,4,18,10,4,10,6,6,6,8,7,54,5,6,5,191,112,763,29,7,4,87,117,5,4,47,28,11,4,23,1011,454,97,83,9,93,558,4,29,40,5,16,109,5,6,15,233,7,5,557,339,113,6,4,5,10,17,4,118,6,16,19,9,7,5,22,6,6,24,7,6,9,6,5,5,13,29,9,4,7,5,90,9,6,43,6,81,5,4,5,12,4,5,11,12,5,4,4,15,6,1078,4,5,4,4,4,107,230,545,3,4,15,4,4,4,5,49,30,4,172,4,119,171,4,76,8,46,10,132,4,328,107,191,247,4,22,6,4,6,31,4,4,31,31,25,6,257,9,14,246,9,6,6,27,6,4,4,224,10,29,4,5,209,19,119,5,191,1049,5,13,4,50,50,5,8,1014,291,17,6,23,4,4,8,6,4,4,20,14,6,315,4,5,15,4,247,36,4,69,6,45,34,403,7,62,124,1259,229,67,5,57,13,30,15,14,1479,20,15,40,443,31,746,27,14,157,8,204,76,18,549,4,5,5,11,5,10,11,5,22,7,5,7,9,5,4,7,10,4,5,5,8,5,7,8,8,13,4,17,8,8,4,5,12,4,5,5,109,4,383,4,7,10,6,107,105,10,6,105,9,269,9,227,4,5,109,6,1263,312,680,6,686,5,76,6,61,8,5,21,9,4,4,6,6,8,16,8,53,315,258,233,5,65,13,5,4,26,10,9,4,4,14,11,7,36,60,4,21,48,6,157,10,8,6,60,20,18,36,30,4,20,8,5,6,22,11,19,8,15,13,12,90,587,65,5,113,245,25,39,312,769,339,8,7,734,13,10,14,4,9,4,4,7,11,8,4,12,9,6,7,11,4,10,191,4,13,14,222,225,99,129,8,29,138,4,18,14,6,19,15,25,21,5,8,5,8,7,8,5,6,5,4,46,11,4,7,4,13,4,12,6,21,5,15,11,4,6,8,10,12,5,14,5,10,14,5,15,4,9,7,14,9,8,8,32,7,7,8,4,5,5,26,4,15,31,194,7,1169,38,14,102,6,6,5,4,6,6,87,107,10,6,6,4,5,4,10,6,5,6,4,4,6,6,5,4,6,10,6,220,98,341,5,24,39,4,26,67,103,11,4,304,25,103,4,100,4,75,9,43,4,76,4,103,8,46,4,4,38,4,10,4,4,4,103,104,103,101,112,104,115,103,40,4,77,96,4,36,4,26,30,4,68,73,4,94,108,109,9,46,28,108,37,5,4,15,5,222,4,9,1539,5,435,24,6,45,47,5,32,29,18,4,26,10,9,4,621,5,39,5,13,105,17,6,5,32,6,5,12,86,7,5,176,13,31,380,6,22,27,4,5,4,8,5,8,9,5,4,335,13,82,28,30,5,5,4,16,17,11,10,5,15,61,5,24,5,28,28,4,33,5,4,16,4,17,13,5,4,79,4,6,107,13,27,4,5,5,7,6,49,27,6,7,24,5,23,6,4,6,29,30,6,29,27,6,7,7,4,26,4,7,11,33,35,6,8,15,7,6,4,5,10,5,7,5,35,16,7,27,19,4,5,10,4,6,14,4,8,5,20,6,8,14,991,1746,209,437,5,4,4,28,28,5,30,28,14,6,6,6,6,28,4,6,88,13,28,28,7,10,6,5,7,5,6,8,5,4,8,4,12,4,5,4,8,5,33,7,30,8,10,9,10,12,12,151,7,4,6,4,15,4,4,6,15,4,4,5,6,4,11,6,7,18,7,4,6,95,158,47,23,631,15,8,786,13,125,5,14,7,12,8,16,14,12,10,8,4,8,5,5,12,4,5,127,4,5,18,5,14,6,4,5,5,14,101,5,4,3,44,30,4,8,4,14,14,8,14,107,6,12,4,275,4,5,5,11,336,4,4,12,4,7,7,122,35,4,4,28,8,16,5,8,14,8,4,16,8,5,6,7,4,8,6,5,7,5,11,7,7,5,7,4,8,4,6,4,8,42,5,4,243,16,5,6,22,489,10,115,310,848,5,115,352,11,34,11,11,102,108,4,12,4,6,4,199,99,4,4,7,125,4,20,57,10,8,171,24,7,12,54,45,4,4,4,272,5,7,4,4,50,20,41,155,6,8,20,5,8,20,4,172,6,5,5,117,4,203,4,4,5,5,9,4,30,3,30,4,103,101,5,8,4,104,65,6,7,59,5,57,4,7,5,5,14,4,5,104,102,99,8,5,28,193,1061,5,8,6,28,4,5,6,22,38,4,20,7,22,65,4,32,14,4,39,4,107,327,68,7,8,5,8,7,28,4,6,5,29,6,29,4,28,10,6,12,4,6,29,7,29,4,29,6,6,9,5,9,28,6,8,6,4,5,29,11,6,40,4,122,6,4,1321,39,39,6,151,12,6,5,9,5,5,6,5,35,6,4,4,7,94,5,4,8,4,11,4,4,5,325,16,171,44,821,346,11,161,5,8,194,8,4,12,18,5,24,9,176,5,7,4,7,8,154,215,12,59,40,4,455,117,5,9,152,16,5,115,83,5,100,7,9,107,57,5,19,21,157,166,153,163,71,588,229,7,11,444,11,77,14,4,9,22,4,5,4,4,6,16,4,5,4,4,8,12,47,7,27,7,4,6,28,31,5,28,6,6,8,699,9,715,21,4,7,13,958,24,355,5,26,230,10,7,5,13,5,12,23,156,12,4,12,6,4,32,5,5,5,6,5,6,6,5,6,5,78,9,106,99,11,432,28,13,135,117,514,9,83,222,14,10,220,4,5,318,7,11,146,11,7,5,4,57,4,14,4,19,16,14,14,4,19,16,14,14,4,19,16,14,14,4,19,16,14,14,4,19,16,14,14,4,19,16,14,14,4,11,507,4,15,14,4,11,18,4,15,14,16,18,4,15,14,16,166,244,53,6,7,8,962,9,88,9,49,6,6,5,5,110,916,5,193,5,6,212,8,8,270,8,8,28,115,6,5,622,6,5,96,25,13,276,6,9,8,11,6,5,6,1576,1240,226,4,4,5,18,234,52,5,536,117,6,4,5,55,55,5,4,74,469,5,6,5,74,4,7,6,73,310,4,6,200,145,305,4,6,5,14,1226,498,4,49,160,5,11,152,206,304,4,338,6,4,8,4,6,8,25,23,5,14,797,203,99,37,6,16,6,4,5,12,5,27,4,119,16,4,10,17,4,4,4,11,4,4,4,10,4,13,4,5,7,4,6,4,4,5,5,6,4,59,6,4,8,13,5,17,394,5,21,5,8,4,17,6,4,8,9,5,4,187,6,108,106,7,14,12,5,23,12,5,42,5,5,5,5,4,453,4,180,6,4,1819,29,18,4,15,36,204,5,102,141,124,18,15,15,7,7,1171,4,4,4013,4,6,5,6,14,5,4,4,5,15,14,214,4,5,14,20,7,18,7,4,4,4,3469,578,5,33,7,6,17,6,7,5,5,9,118,1489,57,88,4,101,6,7,9,252,280,8,445,117,326,116,4,7,4,28,28,18,28,734,11,10,9,4,399,6,8,446,10,259,53,4,12,13,4,200,29,4,8,398,13,4,7,14,4,25,4,24,774,102,4,10,76,2826,158,2174,237,416,5,98,19,19,26,19,5,10,26,10,26,10,26,19,10,19,26,19,10,19,26,26,102,14,10,10,5,5,52,36,5,8,5,8,107,11,242,5,5,10,221,86,4,341,350,4,2057,24,4,272,206,24,5,5,454,8,4,5,13,4,6,4,14,6,13,26,5,8,67,99,453,89,4,7,18,4,8,5,9,4,16,4,11,3524,123,4,4,5,5,10,10,7,28,6,49,8,4,11,4,1865,22,5,12,15,22,4,4,7,7,9,4,4,4,5,12,6,5,5,4,4,11,120,6,4,5,61,5,5,13,4,5,9,5,13,5,7,8,4,27,23,5,15,4,4,6,4,4,6,4,4,5,6,4,6,5,12,4,5,5,14,4,5,7,5,5,16,4,46,6,6,27,7,33,9,4,49,7,25,1661,886,298,11,31,4,4,39,27,224,490,108,6,466,14,10,14,17,7,6,11,11,10,11,538,10,6,8,7,440,5,27,5,18,5,5,4,12,10,6,5,4,6,7,31,16,29,4,26,31,6,10,8,24,4,85,17,5,135,5,343,19,21,111,4,4,4,6,8,4,232,30,6,32,4,88,14,4,1680,786,6,2324,78,105,5,7,218,2003,8,572,8,741,249,106,5,1006,111,39,259,457,10,25,4,117,116,25,27,17,163,123,380,109,31,65,20,14,6,4,6,25,27,9,8,6,105,16,62,4,336,4,210,9,6,36,18,11,4,28,6,29,6,7,7,30,14,502,7,105,409,503,230,15,25,828,352,7,6,8,16,95,916,540,5,6,7,4,332,5,183,4,126,79,63,12,17,5,22,7,10,4,1564,8,426,229,4,5,4,7,48,4,4,4,15,3,32,4,6,4,7,5,10,213,330,14,5,20,11,4,16,4,10,732,18,101,10,378,95,200,10,16,11,213,9,5,202,9,10,6,418,1892,5,7,388,61,104,1926,435,541,4,13,863,8,7,4,18,1308,15,682,269,108,4,112,8,10,448,0,75,4,4,60,5,77,38,5,115,112,77,77,105,113,114,44,8,115,113,60,115,57,113,98,82,34,82,59,34,81,74,9,35,22,110,111,98,63,100,113,9,12,4,6,103,4,4,491,112,112,75,58,74,5,5,74,76,15,50,81,118,59,4,100,6,12,117,59,39,126,59,39,9,63,4,57,47,43,113,107,9,113,113,36,113,104,7,6,5,9,14,530,8,4,7,4,2,16,4,124,102,5,6,138,59,4,4,6,541,121,24,111,4,5,569,107,16,97,4,5,98,100,99,100,99,99,100,99,1470,4,1146,174,609,331,90,110,6,95,95,5,94,39,10,8,9,8,14,10,7,7,10,6,5,5,108,63,7,8,15,14,5,78,230,4,4,4,6,11,5,321,4,19,7,13,5,8,6,118,228,15,227,18,147,93,178,125,84,235,5,5,22,9,93,6,4,4,9,6,7,4,11,4,4,7,6,4,5,4,5,5,4,4,6,5,235,31,7,5,4,6,7,4,5,8,5,5,14,445,5,6,4,5,32,24,32,7,4,78,97,27,28,158,28,5,5,4,5,11,115,5,16,10,5,12,4,17,5,11,6,5,9,13,55,4,15,4,6,5,199,63,7,22,7,6,4,4,6,5,439,312,59,5,85,318,4,5,4,6,13,56,13,4,5,5,21,278,5,10,4,5,17,9,26,262,9,6,21,22,22,559,452,44,44,11,881,6,117,118,4,115,23,4,117,19,4,8,4,118,28,114,236,23,30,7,5,115,22,4,7,5,5,345,14,233,89,8,4,4,41,4,6,5,4,4,222,227,232,11,5,5,6,4,124,6,1122,28,13,11,4,5,450,759,219,106,5,5,88,4,19,9,17,4,26,19,25,11,8,4,12,6,9,102,110,690,4,4,4,4,6,58,13,4,272,335,10,6,5,116,6,5,9,4,208,6,10,13,428,4,7,112,2951,11,5,7,4,219,231,603,385,4,1677,5,28,24,11,9,9,4,5,11,4,8,303,5,8,4,30,20,11,13,5,4,4,4,15,552,6,50,4,50,50,62,50,52,51,5,366,333,61,5,4,4,6,5,65,22,63,4,4,27,0,10,2976,305,124,4,6,260,5,4,4,132,4,8,5,5,14,7,5,4,5,227,12,5,4,229,6,10,4,10,4,16,10,10,16,6,14,67,4,9,4,472,5,5,4,5,7,8,12,244,1481,4,7,10,9,101,10,20,189,17,17,15,10,64,542,98,837,34,105,107,12,38,17,10,5,12,8,12,4,376,30,5,28,28,7,4,8,6,106,5,522,5,5,53,4,11,5,107,13,6,5,9,12,8,8,10,8,5,9,10,12,5,4,5,11,7,5,14,4,338,4,17,11,5,4,252,6,6,16,7,4,10,14,7,4,13,5,4,10,5,5,159,121,109,101,57,57,4,14,24,5,53,4,24,4,15,9,9,4,5,5,7,13,7,27,4,21,36,200,4,25,44,4,246,27,86,246,5,5,7,46,7,9,67,4,6,15,10,6,4,9,7,110,4,10,12,421,20,124,10,320,10,5,6,6,5,4,71,106,5,191,112,849,114,7,29,117,13,22,5,1114,560,333,73,6,9,93,1826,584,17,41,11,19,5,6,232,7,508,122,112,10,90,4,6,24,15,7,7,6,6,672,342,23,5,5,4,4,5,6,4,226,6,338,4,7,7,6,4,6,8,7,5,14,11,5,36,36,6,1003,5,122,4,4,54,201,545,3,40,5,49,189,172,40,76,18,4,4,107,190,4,20,5,34,34,31,4,6,4,31,6,257,57,158,32,246,6,4,5,27,4,224,10,29,4,5,13,230,19,64,5,1451,5,4,50,52,61,50,16,58,52,49,50,5,312,17,6,23,10,74,4,4,39,6,328,18,4,5,36,34,86,34,6,48,34,448,7,5,62,124,1259,130,260,43,15,8,1534,20,15,40,12,59,8,35,658,4,7,10,11,5,5,11,10,5,8,5,7,4,5,10,4,10,4,5,4,8,5,9,9,109,4,383,4,7,10,6,107,105,10,10,6,381,9,558,5,4,12,5,686,5,6,22,6,4,16,8,395,808,32,5,65,5,26,10,9,4,29,27,6,267,4,10,8,20,41,20,7,6,8,13,12,87,588,272,297,113,769,14,733,13,5,60,9,4,4,11,4,10,4,15,4,4,15,5,67,6,222,225,99,130,4,21,30,14,19,5,8,18,9,5,8,9,10,150,10,4,4,4,6,6,19,6,6,12,6,11,12,14,12,12,5,9,16,5,10,12,8,9,7,8,13,11,4,15,11,6,4,7,7,7,7,8,26,16,158,210,101,1228,38,5,4,6,10,4,6,6,4,6,6,49,49,6,5,6,4,4,6,6,6,117,10,6,220,4,40,81,22,4,45,25,33,40,61,9,30,4,76,4,76,34,103,8,4,9,104,40,103,4,5,7,14,107,4,9,40,4,77,4,4,103,4,104,103,103,103,65,4,77,98,4,4,40,94,108,4,7,97,28,5,94,97,34,37,5,4,1602,2413,9,1439,5,435,13,48,37,37,25,5,32,29,32,26,29,35,20,21,29,9,799,172,39,463,96,7,4,1541,8,105,31,82,5,39,7,13,5,450,22,4,16,13,5,11,28,11,4,27,5,4,17,10,5,6,13,10,5,4,6,7,5,4,4,5,7,10,7,40,6,4,41,17,7,5,19,4,5,6,7,51,10,6,5,5,19,4,17,6,30,31,28,29,6,4,5,4,7,4,6,14,35,5,19,11,10,5,7,24,5,5,26,7,222,5,4,6,4,10,4,4,89,85,12,14,1122,4,5,208,30,5,4,31,6,28,8,6,6,4,32,13,65,6,7,5,6,664,5,15,5,6,169,6,6,30,8,10,12,251,9,5,4,8,4,6,8,4,6,4,12,11,4,4,9,6,6,6,4,14,6,7,4,6,157,23,515,15,781,13,103,7,11,8,15,11,20,14,612,6,6,5,123,5,30,8,11,13,4,5,5,5,3,6,5,4,4,4,4,14,39,99,275,5,11,223,4,4,358,213,7,122,35,4,7,12,8,15,5,11,4,40,9,4,4,22,4,4,26,11,35,8,9,6,17,11,7,8,5,6,24,39,4,5,7,4,204,18,10,22,10,552,115,29,851,124,352,5,102,108,112,685,440,199,353,51,47,4,8,125,4,18,180,24,7,12,50,83,4,50,8,1173,191,20,4,169,5,942,124,199,4,5,5,32,3,30,16,30,18,4,102,5,101,47,5,4,104,5,5,14,4,5,103,102,100,104,5,10,14,6,7,22,94,3,32,100,39,4,107,325,68,11,5,5,8,8,9,7,29,8,10,6,3,12,199,29,35,35,5,9,29,11,40,28,123,4,29,1780,39,4,6,267,44,6,9,73,195,5,97,5,30,5,13,5,16,49,5,830,348,11,118,263,12,109,271,8,4,215,375,105,2529,1288,215,103,9,152,126,82,49,100,7,11,107,14,37,6,223,5,157,236,74,376,229,7,125,553,11,12,4,6,4,4,4,4,4,4,4,61,7,27,6,8,6,660,4,23,33,950,462,32,4,230,11,5,13,161,12,7,12,5,12,4,4,9,7,6,7,5,5,5,5,852,224,99,11,432,28,517,4,220,1029,218,17,232,605,5,4,319,11,146,7,212,4,13,112,4,14,4,5,4,19,16,14,14,4,4,19,16,14,14,4,19,16,14,14,4,19,16,14,14,4,19,16,14,14,4,19,16,14,14,4,11,16,4,15,14,4,11,168,4,15,14,16,18,4,15,14,16,15,130,14,9,666,9,9,550,6,6,333,473,6,13,8,8,8,31,11,8,124,8,820,512,40,21,276,6,6,114,6,2023,101,2219,76,4,4,6,5,23,242,72,583,117,2737,5,4,6,259,10,6,73,871,6,7,123,13,303,13,9,9,6,481,4,105,12,5,11,5,57,1629,4,6,30,6,4,14,0,8,6,459,5,6,5,27,10,8,127,4,17,4,5,12,4,6,4,6,14,4,4,15,4,115,8,9,11,4,301,6,4,4,4,7,26,12,5,5,4,510,1917,180,6,1561,124,16,15,206,5,120,99,13,13,18,15,210,10,4,5,4,6,6,5,4,4,13,14,14,158,7,18,118,5,4,2893,579,5,33,10,17,8,11,350,19,7,9,4,9,278,3,445,122,4,7,4,28,28,28,28,847,4,539,4,8,8,535,236,10,291,12,13,29,21,8,7,19,24,837,4,10,7,67,7,2591,655,302,19,5,26,19,10,26,10,26,10,26,10,19,10,19,10,19,10,10,19,5,736,5,7,11,349,1232,83,624,4,921,4,708,8,454,7,4,9,6,12,5,67,5,5,1132,452,117,4,8,4,4,164,6,10,6,10,6,6,63,6,4,1633,31,4,6,5,28,18,4,4,4,4,5,10,4,4,4,4,363,5,6,4,5,5,8,4,8,6,6,6,5,20,5,15,7,16,8,5,9,4,4,5,5,8,10,4,7,4,8,8,5,8,5,7,4,19,55,4,57,4,4,5,7,8,4,33,9,4,6,4,10,5,43,99,29,1684,31,259,11,9,17,4,4,223,108,14,10,11,11,645,8,115,7,454,20,5,32,5,18,28,4,10,6,5,16,4,6,10,8,515,4,17,113,11,4,4,10,6,14,7,14,4,842,1129,105,5,7,599,1976,4,48,60,8,401,183,50,5,7,111,39,116,5,240,7,4,4,202,125,31,4,4,9,4,16,163,171,334,5,6,29,8,28,14,6,3,16,30,502,105,313,545,231,857,767,25,95,916,540,5,6,7,4,12,63,7,4,22,7,437,8,384,227,4,7,48,4,4,4,15,3,239,6,4,4,5,10,1907,856,16,4,29,10,107,114,10,16,26,5,9,6,63,4,12,463,328,5,7,61,105,1659,8,7,4,18,15,685,269,108,93,235,0,7,63,107,112,4,60,11,126,80,80,5,123,108,117,13,4,112,31,115,78,78,5,59,76,57,76,113,80,78,98,108,79,34,75,98,80,78,82,23,34,79,82,4,34,113,5,5,11,8,130,78,5,112,4,130,5,4,9,19,68,5,74,59,33,125,80,106,6,122,58,78,117,51,34,109,106,6,113,7,113,107,113,113,104,7,159,14,488,8,4,9,9,124,4,103,72,4,5,5,6,5,4,6,2478,164,109,111,550,114,5,29,87,100,76,100,100,100,99,100,98,413,1250,4,30,122,690,274,100,112,63,5,79,97,658,4,13,8,5,4,5,10,6,13,8,4,5,222,5,7,18,4,95,236,4,32,11,765,14,13,4,8,5,19,113,10,8,554,446,327,147,69,5,118,215,5,5,236,84,5,84,81,4,91,6,17,4,4,7,6,4,6,7,7,4,14,6,5,5,4,5,5,6,5,8,10,5,366,221,9,105,5,5,4,5,6,54,54,31,63,22,10,4,97,5,489,4,8,8,33,5,4,4,5,17,5,346,15,5,200,8,11,714,102,9,45,114,5,6,5,5,9,4,4,4,301,4,310,110,666,4,6,5,20,4,5,555,5,4,7,24,334,9,9,4,130,4,8,586,1693,5,6,450,5,5,118,113,4,120,21,119,11,8,106,108,88,7,990,5,117,4,8,21,14,345,4,45,8,5,4,5,232,226,338,5,4,40,15,62,70,303,195,1135,831,12,6,7,4,212,137,213,449,455,9,24,21,200,16,690,58,58,64,5,4,326,336,5,4,5,116,9,8,10,4,4,430,7,112,3009,8,219,9,1723,1600,190,2724,23,4,302,4,56,10,13,245,4,12,5,4,6,6,553,23,6,4,50,50,57,57,5,60,57,5,4,317,225,15,12,4,5,16,22,4,20,19,10,2133,308,5,4,5,227,119,6,6,11,271,8,4,5,379,209,124,4,1202,243,7,229,5,4,20,19,20,508,6,557,724,34,107,12,17,12,12,4,30,5,31,7,8,106,5,123,5,102,4,11,107,8,323,7,10,338,4,11,12,14,4,12,115,109,98,102,97,238,5,9,9,7,382,36,199,25,246,246,4,7,105,9,16,4,104,158,8,4,4,4,104,420,20,126,5,4,10,5,10,10,106,106,5,5,310,12,4,115,43,14,23,1112,463,220,9,94,639,10,5,4,6,109,5,564,450,112,231,6,5,6,18,4,5,7,8,90,5,4,10,24,4,36,9,7,5,6,5,7,6,6,9,630,5,1005,6,1245,6,133,4,55,357,6,545,3,40,10,51,20,40,76,230,330,107,190,4,4,6,94,6,4,45,257,246,4,6,6,4,222,10,29,4,6,6,4,31,221,19,60,5,227,5,17,4,50,51,50,50,51,37,5,61,5,54,52,4,290,17,6,4,5,4,4,39,6,209,328,4,20,48,362,7,62,124,1259,228,220,43,18,6,15,40,403,66,8,11,5,495,5,8,11,14,10,5,4,10,4,5,4,7,12,7,7,11,7,7,7,7,5,4,13,8,8,12,5,17,10,100,4,1535,4,10,6,105,10,9,271,9,5,12,686,5,6,6,4,16,8,934,65,76,71,175,6,267,10,8,4,4,8,13,12,11,255,742,1100,353,113,769,14,733,13,5,60,5,4,10,4,7,15,7,4,4,67,130,14,222,123,329,4,21,14,6,14,8,5,8,5,12,7,147,6,4,10,7,4,10,6,5,6,11,4,10,5,5,5,11,18,6,5,13,4,9,7,14,4,4,8,4,7,12,4,16,215,199,96,1228,38,5,4,4,6,6,4,6,10,105,6,5,104,106,6,6,4,6,6,220,4,25,103,101,46,9,103,110,4,4,114,4,103,114,104,104,4,40,7,20,87,57,34,4,108,108,111,107,4,5,28,5,20,20,5,4,5,12,4,55,39,1544,2469,9,1438,5,244,435,37,37,37,5,32,29,33,35,24,9,1138,179,39,412,18,82,5,22,5,4,6,5,399,7,4,4,5,8,6,82,5,30,11,107,17,4,5,7,6,6,13,100,5,46,33,42,4,43,5,5,63,7,10,4,5,4,81,5,4,4,41,17,7,6,151,6,7,14,5,6,5,5,8,4,6,6,7,26,13,5,24,4,16,5,5,31,6,30,27,5,7,31,26,109,4,4,5,9,4,6,14,962,1412,180,30,31,6,14,8,5,6,4,14,7,6,193,5,6,8,5,35,82,6,31,7,6,7,20,12,11,4,32,4,5,7,5,6,7,4,6,159,23,370,15,798,13,103,7,8,20,555,10,5,125,5,14,8,17,5,5,41,3,32,4,4,14,39,99,275,5,11,337,4,355,7,122,9,8,5,7,16,9,14,6,11,6,5,4,21,6,10,4,6,9,7,4,6,247,35,5,5,4,20,8,6,39,4,18,4,4,203,18,10,22,10,552,115,853,124,351,4,6912,108,56,739,430,98,352,4,48,48,12,125,4,52,18,180,24,7,12,54,4,50,6,6,8,258,5,5,899,125,199,5,5,32,3,30,16,5,102,104,5,105,5,5,14,4,5,102,8,6,17,22,3,32,39,4,67,11,5,6,9,6,29,8,9,6,8,6,6,3,12,199,35,35,8,29,11,123,1319,39,39,267,44,6,269,111,10,5,97,5,29,5,16,44,830,346,11,118,383,8,4,215,105,2415,91,54,103,9,943,27,671,9,7,11,107,5,150,166,166,220,534,7,276,539,11,12,4,4,8,169,6,699,16,5,1121,463,314,5,9,13,72,12,49,29,5,6,6,5,223,99,11,496,233,514,162,107,110,238,5,4,1420,11,145,7,212,13,112,4,13,4,19,16,14,14,4,19,16,14,14,4,19,16,14,14,4,19,16,14,14,4,19,16,14,14,4,19,16,14,14,4,11,16,4,15,14,4,18,4,15,14,16,18,4,15,14,16,15,5,9,805,9,9,6,336,39,123,8,678,108,5,25,6,6,338,45,2444,5,21,234,72,232,116,1182,4,70,20,4,5,4,6,5,6,25,4,311,4,9,215,9,6,9,6,6,58,6,51,
11,8,8,7,6,6,6,9,11,12,13,8,7,7,5,14,7,6,95,22,95,15,5,5,14,7,17,8,6,40,27,6,6,37,42,8,56,8,19,5,13,6,95,13,95,35,42,13,30,16,36,8,87,6,8,19,18,13,8,3455,5,8,6,59,53,6,59,41,69,56,7,44,23,49,53,12,8,8,8,8,9,6,8,8,5,7,119,9,6,6,12,6,5,13,13,24,5,8,240,26,42,45,16,14,6,6,6,24,12,52,21,6,24,12,52,21,6,24,12,5,23,8,5,111,73,13,5,7,21,6,5,16,12,246,12,17,6,6,12,5,10,5,73,14,10,6,8,13,12,5,8,5,8,5,8,5,8,5,34,5,78,5,78,5,78,5,78,29,29,29,29,29,29,29,29,29,29,29,8,6,5,8,5,13,5,7,10,7,6,8,11,15,9,8,6,48,8,15,14,11,11,11,7,5,17,5,12,11,8,8,11,15,20,7,7,7,5,6,31,5,7,14,47,4,40,159,8,7,7,5,20,42,40,5,4,5,40,40,5,40,40,5,5,40,5,40,40,4,40,11,11,12,12,7,13,5,11,11,14,13,9,6,14,6,6,12,6,15,6,15,6,202,15,5,5,8,13,5,18,63,6,21,14,9,7,13,5,26,5,17,14,7,25,6,15,5,8,6,82,7,8,5,5,9,7,15,5,5,6,72,72,8,135,236,14,81,6,20,10,5,20,27,20,11,20,11,5,20,27,20,11,5,20,11,5,20,11,20,11,5,20,5,20,20,5,6,574,6,6,7,7,13,12,10,12,7,19,5,5,9,15,13,11,11,12,8,11,10,73,13,12,5,14,22,18,11,15,20,5,16,9,5,7,6,12,10,28,9,9,5,6,11,8,8,6,5,14,6,7,28,6,9,33,16,6,7,7,16,6,7,11,6,30,6,16,6,7,8,7,11,20,17,6,9,5,9,8,6,6,6,8,36,16,9,15,7,7,10,7,21,12,10,5,9,8,6,20,8,9,5,10,16,7,12,8,15,7,18,6,6,120,12,6,122,12,8,6,17,8,10,12,7,14,16,5,11,5,15,16,5,5,6,5,5,9,6,5,28,5,5,12,37,27,5,5,5,15,6,14,23,6,8,5,5,8,10,5,9,11,16,6,6,11,9,5,6,25,5,14,6,6,8,12,8,5,21,9,5,20,6,10,5,8,6,6,21,7,13,5,118,5,9,5,12,5,11,5,16,5,9,5,7,5,11,5,68,32,5,5,8,7,5,5,5,358,9,11,35,6,11,5,25,5,10,5,22,69,5,5,5,5,11,5,5,7,5,8,5,9,13,29,15,7,24,8,7,10,8,6,78,15,29,12,15,6,5,12,6,6,43,21,10,4,8,5,9,15,20,40,66,14,15,40,5,5,40,29,7,15,40,5,5,7,7,5,7,6,8,20,5,234,7,5,8,7,9,15,19,11,8,5,5,12,9,9,8,17,10,7,9,7,24,19,5,14,36,20,56,6,5,32,6,35,5,24,28,5,6,33,28,12,7,10,10,10,7,14,6,7,13,9,86,19,11,13,8,5,9,16,18,9,6,5,19,11,8,5,5,5,9,17,17,6,30,19,5,5,120,6,46,6,14,17,7,6,5,32,6,14,30,9,20,6,5,14,6,9,16,6,6,5,17,19,7,30,5,6,5,6,6,19,19,6,5,30,6,14,7,14,14,20,5,14,14,5,14,13,5,19,21,8,5,13,8,28,7,55,9,8,7,11,11,7,5,7,56,117,102,7,13,14,7,5,6,6,5,5,6,229,17,7,5,11,18,6,20,17,21,43,29,4,5,29,5,17,6,5,154,15,7,13,7,11,11,11,11,8,7,5,8,6,90,116,110,110,17,8,15,20,12,8,15,5,7,5,14,15,8,6,50,5,16,5,5,26,6,6,8,6,7,7,8,6,7,7,19,12,5,61,12,5,12,14,7,9,553,124,8,9,14,5,5,5,6,10,50,7,24,236,16,5,9,6,8,5,29,5,7,7,201,11,7,40,13,7,10,14,7,86,7,101,5,6,5,90,101,5,6,5,25,5,21,6,7,118,9,10,5,8,60,9,16,7,29,6,29,66,9,7,5,7,6,8,15,8,22,33,11,5,7,5,101,5,5,6,5,120,7,30,10,5,20,41,41,5,5,7,7,15,7,7,12,17,8,10,5,5,6,6,16,9,5,9,6,12,7,5,19,7,15,41,41,4,7,7,6,13,7,7,32,27,7,18,6,4,7,8,3,5,15,4,42,19,9,7,11,10,9,5,5,19,7,11,14,24,5,8,9,8,6,27,446,8,5,8,13,8,6,26,9,78,119,5,6,13,7,6,7,6,30,13,10,14,5,14,5,7,6,6,6,13,122,6,93,14,14,7,14,8,5,44,8,16,64,18,8,7,5,5,6,10,17,6,6,5,6,6,19,9,6,5,0,17,9,6,5,23,24,5,6,5,21,7,6,5,149,5,8,22,9,83,44,5,11,7,7,36,23,5,10,25,5,22,6,6,8,5,5,9,5,49,5,5,5,5,6,5,5,17,9,6,54,40,9,7,18,6,7,19,4,45,7,5,5,5,5,9,6,6,11,6,16,7,5,8,6,12,7,491,6,5,10,6,7,5,11,11,7,6,6,16,5,5,9,5,10,7,23,12,21,10,4,72,21,7,16,5,28,5,6,6,6,6,6,6,6,6,6,5,8,16,5,13,14,14,16,44,250,11,13,7,11,11,11,23,5,27,6,16,6,7,6,6,22,7,25,5,7,7,6,6,7,6,6,5,9,7,6,5,6,11,7,20,5,6,38,9,8,7,7,5,9,7,7,122,5,7,5,76,113,109,78,113,109,9,19,5,83,32,113,85,5,40,113,82,112,170,122,82,114,84,81,80,10,105,119,107,82,78,114,15,5,114,32,77,77,114,115,6,62,81,79,99,98,83,109,98,77,103,100,99,107,76,82,99,109,100,75,101,83,83,34,76,98,83,83,35,100,83,77,78,83,114,10,111,57,101,10,59,114,114,7,10,6,16,8,6,40,92,115,6,30,10,7,112,80,107,75,59,78,113,59,76,10,83,107,77,52,83,85,106,114,103,113,92,81,52,127,81,130,107,130,92,9,116,101,114,93,7,65,83,83,74,101,123,98,83,100,125,100,105,99,98,114,51,40,114,53,41,111,74,67,83,53,108,52,53,108,108,53,114,114,114,114,37,114,114,8,568,5,129,100,9,9,12,9,31,6,9,10,15,18,9,6,6,14,6,5,6,23,23,27,17,19,6,21,50,21,138,11,14,10,6,6,13,13,15,6,9,6,6,22,22,6,6,83,102,101,101,101,101,100,101,101,100,101,5,8,9,18,9,5,11,11,6,7,7,6,97,99,76,96,95,102,61,98,14,6,8,7,8,17,14,15,11,7,7,7,11,14,9,8,14,8,8,6,7,6,5,5,6,13,8,8,15,11,18,8,6,7,9,7,12,5,6,6,6,5,9,5,21,23,40,57,28,85,105,85,14,62,7,7,5,6,9,7,11,9,5,13,12,6,5,13,6,7,12,6,5,6,11,7,220,220,221,104,166,33,26,6,36,17,43,36,11,7,5,7,6,8,8,10,8,20,6,8,10,21,6,6,13,7,6,14,15,5,8,9,18,14,6,10,6,10,9,5,6,12,14,8,11,6,7,24,12,11,5,11,12,16,197,5,9,14,5,10,10,14,9,7,9,20,9,9,6,9,8,8,5,5,8,17,7,7,16,7,223,40,8,7,43,6,16,6,12,10,16,12,6,10,7,14,5,5,7,6,7,226,8,22,6,7,7,7,15,5,11,5,5,116,98,22,5,5,12,5,25,5,16,9,17,8,213,120,15,16,6,16,13,6,7,7,11,9,14,105,7,12,5,114,5,7,334,16,22,55,27,6,691,15,62,65,77,65,62,6,59,5,66,5,8,7,13,23,230,84,117,73,5,8,16,22,10,15,12,9,8,6,6,7,10,36,350,12,7,6,5,6,5,6,16,113,6,13,8,22,6,8,5,15,6,5,13,5,12,119,4,24,6,5,9,7,11,4,10,8,6,12,17,17,6,13,42,7,8,8,20,13,7,9,5,9,297,214,5,23,7,6,290,6,7,10,15,18,16,46,199,37,6,14,14,9,5,5,17,27,6,10,6,5,49,12,6,9,8,9,5,8,8,9,5,5,9,15,5,5,6,10,21,6,8,12,5,6,7,52,54,5,8,60,51,51,52,50,54,61,54,52,6,14,9,17,74,777,9,15,53,9,5,9,8,9,4,5,15,5,15,15,4,5,40,20,8,13,31,7,6,18,15,6,23,15,9,5,23,5,15,21,7,8,86,7,15,5,7,32,18,16,5,88,6,20,6,6,13,6,5,9,80,8,10,24,6,5,23,12,5,36,5,24,11,5,11,5,6,7,6,6,6,5,11,6,12,8,11,5,7,9,6,5,8,5,12,5,10,7,5,7,7,10,7,42,11,5,9,10,5,18,7,14,61,7,5,6,7,10,101,9,8,5,10,6,5,10,5,5,83,5,5,8,12,5,187,6,11,11,6,14,10,15,14,45,7,8,23,7,5,12,7,5,24,10,5,15,5,25,13,5,5,6,12,6,12,6,6,31,10,11,31,7,6,6,6,13,7,5,5,118,12,10,6,18,9,61,18,8,5,5,10,17,6,6,5,5,5,9,362,13,8,6,12,13,7,4,13,13,7,29,7,29,7,29,6,7,40,7,7,8,20,21,5,5,5,22,71,5,5,5,13,5,9,13,7,7,5,8,15,5,5,7,6,8,131,14,9,119,43,80,14,8,8,5,148,13,5,6,15,10,8,16,6,7,5,16,8,9,37,9,5,5,11,14,12,6,6,159,42,7,122,116,106,81,102,55,8,14,6,13,11,9,15,10,165,20,6,20,7,5,5,11,6,8,5,6,31,18,5,5,11,11,5,22,53,17,5,21,7,16,10,16,20,23,5,5,20,7,5,64,5,5,9,18,9,5,8,6,6,5,9,5,6,7,6,9,20,5,5,6,5,5,5,10,17,8,18,19,15,81,64,5,6,38,8,6,7,6,21,17,9,6,8,16,58,41,12,12,15,8,7,50,99,7,8,14,6,6,6,11,6,6,6,6,6,7,6,7,16,5,89,6,5,5,6,5,5,29,15,10,5,9,6,87,116,17,5,5,8,6,5,6,18,11,17,8,15,11,6,7,5,7,7,19,6,26,7,5,5,90,18,11,16,9,6,11,9,9,28,8,6,6,28,20,9,5,29,14,9,16,31,6,7,6,6,20,9,5,29,13,6,8,6,6,12,239,6,5,6,5,19,6,6,7,20,13,9,15,9,8,7,8,6,5,5,6,6,5,6,5,6,9,7,6,16,9,5,9,11,7,6,16,5,15,9,5,13,70,6,4,31,5,31,31,5,5,6,5,6,21,29,15,32,31,7,5,5,23,16,29,5,13,29,5,14,10,13,4,29,7,77,9,33,6,19,8,12,6,88,42,17,16,8,7,5,6,7,4,7,7,5,30,12,32,15,37,17,12,5,15,22,15,5,15,66,17,43,298,10,6,5,82,6,5,44,68,13,248,7,22,5,7,5,8,23,6,5,15,16,14,5,7,11,26,16,308,4,43,43,43,5,15,5,15,5,15,43,20,6,5,6,9,4,47,18,10,16,14,14,5,122,65,22,5,9,8,8,10,7,11,14,11,9,14,16,7,32,5,8,51,51,51,5,53,52,51,51,51,59,53,52,6,9,5,5,8,8,14,92,15,10,16,76,7,13,9,10,4,15,7,5,17,5,15,15,7,17,4,87,9,15,39,9,5,64,6,33,22,29,22,5,6,248,40,96,5,5,21,7,14,5,6,8,42,47,8,63,9,5,12,20,68,20,5,30,10,5,7,5,16,11,7,7,16,38,6,7,6,21,17,9,6,187,8,16,55,41,12,12,13,13,13,16,9,8,94,6,7,10,31,153,13,6,119,6,8,6,14,8,6,8,7,12,21,8,10,8,5,6,343,5,9,8,5,5,12,5,8,10,6,35,6,17,9,5,8,9,9,9,29,7,14,18,6,6,6,6,6,6,7,13,5,6,5,6,8,9,12,6,6,7,6,13,7,6,6,6,20,7,6,261,14,51,24,69,97,97,97,7,62,10,261,6,51,17,22,5,5,108,5,7,9,7,5,19,6,11,11,17,6,698,57,5,14,41,6,29,66,7,16,7,6,6,6,16,27,77,11,258,5,5,39,5,46,5,103,5,22,49,6,18,15,6,17,5,31,23,8,19,66,21,7,15,5,29,5,21,9,6,7,5,9,5,5,9,12,8,16,7,6,9,5,13,5,8,11,88,355,5,6,78,116,116,115,7,5,9,6,8,6,7,120,27,20,12,14,54,6,6,10,10,5,9,7,86,13,5,15,16,9,5,5,8,20,15,13,5,7,9,6,10,10,7,6,31,113,5,6,53,5,5,6,6,10,8,17,8,15,7,19,9,13,15,5,22,5,10,13,7,18,11,11,7,8,9,11,14,8,9,14,87,28,43,8,7,16,5,6,5,6,5,5,30,9,67,14,9,11,37,19,147,31,15,5,6,7,6,33,5,28,16,9,19,11,12,9,11,9,20,13,5,11,10,10,6,10,19,12,19,7,6,7,7,8,5,7,9,5,247,14,18,6,11,15,6,5,8,18,18,7,6,8,7,37,8,8,8,9,5,6,6,13,7,14,5,16,7,16,6,13,7,7,5,10,7,55,7,6,6,6,6,6,11,6,6,6,11,6,11,6,10,6,6,6,6,11,10,6,6,6,6,10,6,6,6,6,6,7,9,44,5,38,5,42,5,5,104,5,41,5,6,7,5,42,5,7,9,45,45,6,36,104,5,99,5,101,42,9,37,97,16,41,78,97,65,5,31,6,78,44,60,7,5,10,66,15,108,44,5,104,5,39,5,44,59,79,5,105,60,106,103,106,104,104,41,104,65,5,37,5,6,5,6,5,44,63,5,5,109,68,29,108,99,109,90,33,5,47,6,5,77,104,6,132,8,92,25,24,7,5,26,18,7,44,45,26,7,20,5,7,21,11,26,11,8,14,6,18,8,7,28,6,14,8,21,6,82,6,56,51,6,6,218,6,5,29,15,14,83,6,6,112,7,7,28,5,9,21,6,16,6,25,26,73,83,58,31,23,28,21,11,6,6,76,54,31,34,14,8,6,6,82,80,6,8,7,61,7,5,8,5,6,5,6,280,7,6,82,14,7,5,45,6,22,29,6,8,8,5,33,6,137,56,33,6,8,6,14,15,8,34,26,52,5,5,7,5,82,35,6,149,11,8,6,8,26,8,91,15,5,7,6,7,5,11,9,5,6,10,10,10,7,7,7,18,8,19,18,6,6,36,5,10,6,10,74,7,8,6,200,41,41,7,7,7,29,7,29,7,29,22,43,16,6,9,12,4,5,6,31,14,29,7,5,15,6,16,9,31,66,5,8,9,31,14,7,30,14,8,9,6,6,6,6,7,9,6,5,11,6,5,6,15,9,6,13,31,12,31,31,45,9,234,233,8,58,10,5,41,7,9,38,22,21,6,7,10,5,16,9,16,11,16,9,8,14,9,7,17,21,5,6,5,5,9,9,5,15,9,19,14,7,96,6,4,18,21,5,125,28,13,5,114,6,7,78,47,263,125,8,16,7,7,23,7,11,8,12,6,245,9,5,12,8,6,20,17,9,6,9,7,6,6,5,6,5,7,12,5,5,29,4,5,15,5,15,9,5,5,15,6,5,16,7,15,13,7,35,8,7,11,4,37,24,5,31,6,6,5,15,31,5,16,21,5,13,9,5,15,9,12,7,15,8,8,24,8,7,14,4,39,146,9,5,5,6,5,6,8,6,7,5,6,5,9,27,156,31,15,5,5,5,5,14,110,16,12,6,18,17,6,10,17,9,9,13,13,6,7,6,7,7,18,5,15,11,8,8,5,6,5,10,16,37,6,8,24,5,19,9,7,7,5,5,5,15,41,7,7,9,11,5,7,5,32,42,5,5,9,6,62,43,109,6,6,6,10,8,7,5,7,10,11,7,15,11,10,5,10,11,11,7,25,10,6,11,5,20,22,22,13,15,22,19,10,13,7,22,10,7,5,7,5,7,14,5,7,11,6,8,8,6,7,12,6,5,51,51,8,26,7,6,9,8,10,174,5,21,21,7,71,7,6,30,115,8,5,5,8,7,84,13,6,49,5,12,5,208,197,8,5,6,7,22,52,20,10,9,239,40,970,5,6,7,5,29,15,18,6,5,6,18,11,15,12,7,11,10,7,8,17,6,6,117,15,6,0,15,20,7,7,18,17,9,5,12,6,33,9,6,15,25,11,5,5,4,7,21,25,7,13,17,11,15,6,40,9,40,13,40,66,7,17,22,15,6,40,8,14,7,40,12,10,40,15,41,5,6,7,7,10,11,16,40,13,38,40,10,7,8,29,10,9,5,10,40,6,40,7,7,9,29,9,7,6,6,11,8,23,20,8,7,6,5,5,17,5,15,30,7,4,19,20,21,19,4,4,6,33,25,4,19,6,5,17,40,40,5,40,4,6,5,8,6,51,5,8,8,5,7,11,15,7,24,30,9,7,29,10,7,11,30,7,12,30,11,30,12,17,10,10,7,7,29,5,12,7,10,7,30,11,30,30,30,10,6,29,10,5,33,8,30,7,7,29,6,7,30,8,7,7,6,30,36,29,12,7,10,35,30,11,7,10,14,12,13,10,18,6,171,17,20,40,5,4,5,40,5,8,101,9,6,107,46,5,6,6,5,27,8,6,5,7,6,16,7,5,40,21,6,8,15,31,12,16,6,5,8,16,15,7,15,8,12,8,5,18,11,15,7,5,10,19,7,110,205,83,9,6,37,29,50,5,5,238,10,14,233,9,15,6,10,5,5,7,6,20,29,122,5,13,19,6,63,37,15,84,5,22,8,8,6,13,8,13,7,9,10,9,6,6,6,13,13,7,469,347,7,10,15,10,16,6,6,14,19,8,12,15,7,18,27,15,7,214,292,6,168,235,164,235,230,224,230,8,8,5,6,8,7,11,12,13,18,5,8,8,7,16,8,12,13,5,6,9,12,7,10,12,13,5,6,7,6,5,8,5,57,8,8,6,6,10,18,7,17,4,5,5,12,8,6,5,15,29,13,29,6,5,29,18,5,30,14,7,6,7,9,117,13,19,14,6,6,7,5,20,8,5,11,15,45,6,6,105,32,28,7,37,18,38,10,14,33,21,6,5,11,9,43,86,11,6,201,5,8,8,5,11,8,5,5,313,6,5,5,6,13,6,6,5,13,6,6,5,12,6,7,6,5,127,6,74,10,7,9,5,7,15,7,16,7,5,9,10,7,11,6,8,5,7,6,66,62,7,6,8,22,16,8,14,5,9,17,14,10,25,7,15,7,26,6,12,40,42,21,8,5,10,5,6,5,9,5,6,6,5,10,7,11,11,6,6,8,17,17,17,11,6,5,7,97,9,160,12,5,7,5,16,6,6,5,8,5,61,8,50,6,12,15,11,9,8,10,10,6,8,5,6,5,22,19,5,5,8,167,9,9,14,8,9,9,11,8,9,9,11,8,7,5,8,5,5,7,5,6,11,7,16,25,25,25,6,6,12,7,5,7,7,7,5,5,6,6,5,30,14,7,10,36,5,7,16,42,15,5,8,7,8,24,5,7,15,5,7,7,15,6,6,5,14,8,15,8,7,24,7,15,9,15,240,17,20,24,15,15,17,20,24,15,15,17,20,24,15,15,17,20,24,15,15,17,12,5,22,9,8,7,6,7,11,7,6,5,5,7,4430,16,6,7,11,15,5,8,17,17,7,6,24,17,240,5,16,15,17,19,5,16,15,17,11,6,16,6,15,7,12,7,22,6,6,6,6,5,5,327,15,14,16,7,11,10,7,6,7,13,7,10,7,15,7,14,7,13,7,10,7,31,27,8,11,30,21,6,7,30,114,8,61,8,27,9,9,16,7,15,19,11,7,14,9,16,14,6,15,28,277,13,28,28,5,6,9,74,13,54,5,6,19,8,607,6,131,6,6,8,8,11,7,6,38,6,224,51,56,56,6,48,56,46,46,52,17,10,6,5,5,38,33,16,56,56,51,56,6,6,23,38,33,41,56,56,6,566,38,16,6,56,6,16,7,6,75,5,38,8,7,74,287,10,8,7,12,11,5,8,8,38,16,6,5,5,42,16,47,54,6,16,8,13,7,13,6,8,7,7,5,12,8,6,11,6,5,5,14,21,7,20,8,10,9,13,5,18,14,5,5,7,23,8,7,7,24,9,5,7,7,6,17,73,13,5,6,8,5,19,5,7,15,7,14,11,7,12,7,6,6,5,6,6,6,6,7,15,15,7,10,6,9,9,10,7,6,5,16,7,8,5,13,5,21,8,5,8,14,14,6,6,413,5,16,5,6,7,9,5,8,9,5,11,13,12,7,6,6,6,8,5,11,11,7,5,5,28,5,5,8,8,5,5,48,6,14,6,13,6,6,5,11,11,12,12,14,13,13,8,15,20,14,12,121,5,5,6,19,22,27,19,20,19,6,7,18,6,31,19,23,43,30,19,20,20,6,19,7,124,19,144,6,14,26,16,16,8,6,8,13,7,9,5,4142,14,5,7,16,7,7,6,5,6,10,1565,350,6,65,6,13,163,65,103,15,5,5,13,16,27,15,20,47,15,17,32,42,36,15,8,22,15,5,5,15,13,15,17,36,17,8,19,19,8,5,5,538,8,6,7,31,18,5,7,8,9,8,6,9,11,5,6,351,993,5,105,136,8,223,111,111,161,253,111,279,7,7,6,5,8,6,89,6,6,34,6,10,304,117,5,8,13,5,13,5,5,29,29,29,29,6,5,5,898,15,8,21,213,23,5,564,9,5,882,62,50,17,11,12,7,15,120,13,14,13,5,6,16,7,6,5,9,31,9,28,9,31,1602,9,10,9,399,6,9,8,26,8,25,5,9,5,5,25,382,6,7,10,8,5,55,2050,121,116,1436,10,420,6,99,6,20,11,5,20,27,5,20,11,20,6,12,20,11,20,27,20,11,20,11,20,11,20,11,11,27,20,11,20,20,20,8,6,53,8,6,582,12,6,671,348,13,177,8,6,70,7,87,310,5,954,5,59,5,7,6,9,11,454,80,6,9,6,12,5,6,9,7,6,17,23,14,7,14,6,8,7,11,5,23,14,7,10,5,7,9,5,6,7,11,6,8,5,10,8,75,7,453,90,5,346,170,9,8,5,5,13,9,6,15,5,5,5,12,5,7,26,5,17,8,13,5,5,141,5,5,43,6,5,5,7,6,6,8,6,25,5,8,12,29,7,7,12,5,5,12,5,1932,33,5,5,6,24,5,5,7,9,30,6,10,5,28,29,5,5,9,5,6,13,33,5,24,245,12,515,100,5,5,66,7,5,8,11,5,411,100,109,278,530,15,5,11,8,15,18,93,6,7,8,37,9,46,22,7,24,19,12,12,653,11,7,6,9,6,5,9,5,6,9,7,16,6,19,6,7,17,130,5,5,7,7,230,7,19,9,14,5,6,19,19,6,31,27,6,30,22,14,15,5,8,138,6,114,35,6,451,16,115,5,5,48,119,7,5,7,5,6,6,5,229,7,36,5,15,5,39,21,644,7,2247,79,106,6,12,13,15,216,1891,285,6,93,573,8,447,6,5,314,45,107,6,7,40,13,117,19,6,13,18,5,5,120,24,5,5,120,5,5,160,163,8,18,389,10,110,32,32,66,21,8,5,8,13,7,26,5,5,120,24,5,48,22,10,9,114,6,5,7,9,9,12,1540,6,231,5,489,5,5,219,9,9,5,41,9,8,25,19,7,24,24,30,7,8,27,7,31,5,8,31,42,503,8,7,1231,107,11,314,6,12,16,863,353,8,8,6,9,9,78,605,539,96,6,7,8,22,333,6,98,53,5,7,8,5,8,64,12,6,6,8,6,5,427,11,116,5,5,8,49,5,123,5,16,9,5,40,8,5,4,33,230,7,5,5,9,6,11,1908,7,12,6,6,482,10,7,5,22,12,6,7,5,7,16,578,60,5,18,11,380,108,116,11,6,117,198,17,12,12,5,982,23,23,7,212,218,89,14,201,212,206,7,6,7,6,529,712,6,8,792,62,50,338,340,326,263,6,5,6,5,5,8,758,6,7,116,5,19,638,16,686,327,45,57,139,342,612,5,109,6,60,5,5,113,6,80,109,78,78,10,38,113,80,7,82,114,7,342,82,76,99,93,80,109,113,112,79,123,76,7,116,79,78,80,114,59,60,61,61,62,83,81,80,101,83,96,114,60,82,60,83,99,99,64,101,83,36,40,98,83,107,100,83,79,99,34,101,10,114,114,10,14,16,564,446,113,250,7,253,115,77,77,6,11,48,54,72,76,13,82,107,116,107,123,92,77,72,122,76,80,77,82,107,119,80,114,118,66,33,108,122,107,41,74,114,48,98,83,100,115,98,100,105,66,66,31,41,74,114,49,114,114,108,108,114,108,114,114,37,36,8,2500,76,423,90,13,5,9,9,20,6,22,8,9,7,15,9,5,7,39,103,120,52,115,5,7,42,7,121,12,114,167,15,7,8,16,14,10,6,583,217,22,6,99,101,63,44,101,101,100,100,101,99,5,7,15,5,5,5,6,5,696,18,9,27,6,5,7,582,6,332,23,7,6,6,68,82,95,12,6,14,6,11,6,7,7,7,5,5,8,7,9,5,21,5,91,5,6,17,8,7,5,6,233,12,29,5,5,6,12,5,5,7,18,8,6,12,9,10,6,8,6,7,7,7,6,8,5,5,226,6,25,44,14,6,178,126,204,12,42,109,6,21,16,5,9,5,5,5,5,6,5,12,8,9,6,5,11,7,13,6,24,8,7,7,5,167,5,12,6,5,13,6,5,16,5,6,15,6,6,5,6,248,6,165,221,112,6,34,28,17,5,64,18,6,42,41,9,6,8,10,8,7,10,6,12,7,7,6,33,6,12,240,8,17,204,13,109,13,7,15,112,6,13,9,116,5,126,11,6,6,7,9,5,13,5,86,7,6,61,25,7,112,16,5,5,10,12,8,17,5,28,6,10,14,5,6,12,7,6,28,89,10,18,11,23,454,455,452,41,8,7,76,5,6,317,12,8,7,6,5,56,5,117,7,15,7,5,121,7,7,45,7,222,110,6,10,120,121,238,23,9,6,6,13,8,10,6,7,15,6,33,117,8,5,105,5,67,5,32,19,5,5,6,16,21,5,7,7,228,233,18,233,249,13,7,7,5,119,28,40,13,6,131,7,6,32,5,9,5,6,11,5,79,219,233,11,107,80,5,18,22,25,18,20,26,28,13,16,453,87,695,13,5,5,65,78,5,6,5,66,66,7,59,10,98,5,6,223,117,117,6,7,5,8,5,8,9,7,8,7,12,5,8,66,7,7,8,37,8,8,2903,232,5,21,6,5,6,1635,6,23,94,6,15,6,6,9,5,10,9,12,7,48,5,8,9,187,6,9,5,103,644,72,7,5,5,5,12,46,21,33,11,8,14,7,5,5,10,7,5,597,9,14,5,28,201,553,5,53,51,51,57,60,53,62,63,52,6,311,412,760,5,6,5,5,8,66,6,23,6,15,5,5,28,20,11,1446,435,37,12,18,125,5,19,5,184,7,5,14,5,5,117,5,9,6,6,5,15,6,12,5,13,7,5,132,13,5,272,6,7,8,7,100,48,41,41,5,5,9,5,250,15,9,13,5,13,5,25,8,5,7,80,5,11,5,11,10,278,6,58,5,162,76,211,6,6,8,8,10,12,13,10,101,39,51,7,24,5,12,5,15,14,18,5,186,13,5,73,5,565,8,13,15,29,8,188,18,7,283,8,108,13,7,59,113,9,18,8,6,1060,113,7,52,13,9,13,19,10,6,422,17,33,5,13,29,29,6,8,19,5,5,5,25,13,5,9,7,8,5,6,89,6,529,17,90,6,6,102,102,6,110,17,6,16,10,6,47,8,18,10,11,14,17,6,5,6,14,10,6,7,7,339,5,94,5,5,11,96,11,6,16,6,5,6,6,179,114,104,106,106,58,59,7,6,27,15,7,24,5,13,10,6,9,49,5,19,75,36,22,14,8,28,5,6,18,5,22,11,11,22,200,7,17,25,26,5,247,14,29,61,247,8,5,7,6,20,5,13,11,15,5,11,187,5,8,5,7,8,9,8,12,5,8,7,103,7,13,12,257,16,21,7,170,12,104,19,6,7,5,19,11,5,11,7,7,7,9,8,55,6,7,6,192,113,764,30,8,5,88,118,6,5,48,29,12,5,1012,455,98,84,10,94,559,5,30,41,6,17,110,6,7,16,234,8,6,558,114,7,5,6,11,18,5,119,14,17,20,13,8,6,23,7,7,25,8,7,20,7,6,6,14,30,10,5,8,6,91,13,7,44,7,82,6,6,13,6,12,13,5,5,16,7,1079,6,5,5,5,108,231,624,4,5,16,5,5,5,6,50,31,5,173,5,120,172,5,77,9,47,11,133,5,329,108,192,248,5,23,7,5,7,32,5,5,32,32,33,7,272,11,15,247,10,7,9,28,7,5,225,11,30,5,6,210,20,120,6,192,1050,6,14,5,51,51,6,9,1015,292,44,10,24,5,5,9,7,5,5,21,15,7,330,5,6,18,5,248,40,5,70,7,46,35,404,8,63,125,1260,230,68,6,77,70,31,16,15,1480,21,16,41,444,32,747,28,15,9,205,77,19,550,411,8,12,14,25,13,14,25,23,8,6,21,12,6,5,10,11,5,6,6,11,6,16,9,9,14,5,18,9,9,5,6,13,5,6,6,110,5,384,5,8,11,7,108,106,11,7,106,10,270,10,228,6,110,7,1264,313,2373,7,687,6,77,7,62,9,9,22,16,5,5,7,7,9,17,9,54,316,259,234,6,66,14,6,5,27,11,5,5,15,12,11,40,61,5,22,49,7,158,11,80,15,75,21,21,43,31,5,21,9,6,7,27,12,20,9,16,14,13,91,588,66,100,114,248,26,40,313,770,340,9,8,735,14,15,8,10,8,5,8,15,9,5,13,25,7,8,15,11,11,218,5,14,15,223,226,100,218,9,31,153,5,21,15,7,20,16,26,22,6,9,6,20,8,9,6,7,6,5,12,6,8,5,14,5,14,7,22,6,16,12,5,8,9,14,6,15,6,19,15,6,16,5,14,8,15,10,9,11,33,8,8,9,5,6,6,27,5,16,32,195,8,1170,39,15,103,7,7,6,5,7,7,88,108,11,7,7,5,6,5,11,7,6,7,5,5,7,7,6,5,7,11,7,221,99,342,6,25,40,5,27,68,104,13,5,26,104,5,101,5,76,10,44,5,77,5,104,9,47,5,5,39,5,11,5,5,5,104,105,104,102,113,105,116,104,41,5,78,97,5,37,5,27,31,5,69,74,5,95,109,110,10,47,29,109,38,6,5,16,6,223,5,10,6,436,25,7,46,48,6,33,30,19,5,27,11,10,5,622,279,40,6,14,106,18,7,6,33,7,6,13,87,8,6,177,14,46,381,7,23,28,5,6,5,9,6,9,10,6,5,347,14,83,29,31,6,6,5,17,18,12,11,6,16,62,6,25,6,29,29,5,44,6,5,17,5,18,14,6,5,82,5,7,108,14,28,5,6,6,8,7,50,28,7,8,88,6,24,7,5,7,30,31,7,30,28,7,8,8,5,28,5,8,12,34,36,7,9,85,8,7,5,6,11,6,8,6,36,26,8,28,20,5,6,11,5,7,15,5,9,6,21,7,9,15,992,1747,210,438,6,5,5,29,29,6,31,29,15,7,7,7,7,29,5,7,89,14,29,29,8,11,7,6,8,6,7,9,6,5,9,5,13,5,6,5,9,6,34,8,31,9,11,10,11,13,13,152,8,6,7,19,16,13,5,7,16,5,5,6,7,16,12,19,24,19,14,5,7,96,159,48,24,632,16,9,787,14,126,6,8,13,9,17,15,13,11,9,5,9,6,6,13,5,6,5,6,19,6,15,9,5,6,6,15,102,6,5,4,45,31,5,9,5,15,15,9,15,108,7,13,5,276,299,6,6,12,337,5,5,13,5,8,8,123,42,5,5,29,9,18,6,9,15,9,5,17,9,6,7,8,5,9,7,6,8,16,12,8,8,6,8,5,9,5,7,7,18,43,6,5,244,17,6,7,30,490,11,116,311,849,6,116,353,19,35,19,12,103,109,5,13,5,7,225,200,100,5,5,8,136,5,21,58,9,172,25,8,13,55,46,5,5,5,273,6,5,5,52,21,42,178,9,21,6,9,21,5,173,10,6,6,118,6,204,5,5,6,6,10,5,31,4,31,5,104,102,6,9,5,105,66,7,8,60,6,58,5,8,6,6,15,5,6,105,103,100,9,6,29,194,1062,6,9,7,29,5,6,7,23,39,5,21,8,23,66,5,33,15,5,40,5,108,330,69,8,11,6,9,8,29,11,9,6,30,9,30,5,29,11,7,13,5,7,30,8,30,6,30,10,7,10,6,10,29,7,9,7,5,6,30,12,7,42,5,123,7,5,1322,40,40,7,159,13,7,6,10,91,6,7,6,45,7,5,5,8,95,6,5,11,5,12,8,5,6,326,17,172,51,822,347,12,162,6,9,195,9,5,13,19,6,25,10,177,6,8,5,8,9,155,216,13,60,41,5,456,118,6,10,153,17,6,116,84,6,101,8,12,108,58,6,20,22,160,167,154,164,72,589,230,8,12,445,12,78,15,5,11,23,5,6,5,5,7,17,6,6,5,5,9,13,48,8,110,8,5,7,29,32,6,29,7,7,9,700,10,716,22,5,8,14,959,25,356,6,27,255,11,165,14,14,6,13,24,160,13,5,13,7,5,33,18,6,6,7,6,7,7,6,7,105,79,10,107,100,12,433,151,14,136,118,515,10,87,223,15,11,221,5,6,319,8,12,147,12,8,6,0,58,5,15,17,20,24,15,15,17,20,24,15,15,17,20,24,15,15,17,20,24,15,15,17,20,24,15,15,17,20,24,15,15,17,12,508,5,16,15,17,12,19,5,16,15,17,19,5,16,15,17,167,245,54,7,8,12,963,10,89,10,50,7,7,6,6,113,917,6,194,6,7,213,15,9,271,9,9,41,116,7,6,623,7,6,97,14,277,7,12,15,14,7,6,7,1577,1241,227,358,5,6,19,235,53,6,537,118,7,5,6,56,56,6,5,75,470,6,7,6,75,5,8,7,74,311,8,7,201,147,306,5,7,6,15,1227,499,5,50,161,6,12,153,207,305,5,339,7,5,10,5,7,9,26,24,6,15,798,204,100,38,7,23,7,5,8,14,6,28,5,120,5,11,18,5,5,5,12,5,5,5,12,5,14,5,6,8,5,7,5,5,6,6,7,5,7,5,9,14,6,18,395,6,22,6,9,5,18,7,5,9,10,6,5,188,7,109,107,8,15,13,6,24,13,6,43,9,6,7,5,454,5,181,7,5,1820,30,19,5,16,37,205,6,103,144,134,19,16,16,8,8,1172,5,5,4078,5,8,6,2516,15,6,5,6,19,15,215,5,6,15,21,8,19,8,7,16,5,3534,579,6,34,8,7,18,7,8,6,6,10,119,1490,58,89,5,105,24,8,10,253,281,9,446,118,327,117,5,8,5,29,29,19,29,735,12,11,10,5,2173,7,9,447,11,260,54,123,13,14,5,204,30,5,9,399,14,5,8,15,5,26,5,25,775,103,7,11,77,2827,159,2175,238,417,6,99,20,20,27,20,6,11,27,11,27,11,27,20,11,20,27,20,11,20,27,27,103,15,11,11,6,6,53,37,6,9,6,9,108,12,243,6,11,222,90,5,342,351,5,2058,25,5,273,207,25,6,6,455,9,5,6,14,5,7,5,15,7,14,27,6,9,75,454,90,5,8,19,5,9,6,10,5,17,5,3525,143,5,5,6,6,11,11,8,29,7,50,9,5,12,5,1866,23,6,13,16,23,5,5,9,11,10,8,5,5,6,21,7,7,6,7,5,121,7,5,6,62,6,6,14,5,6,13,6,14,6,8,9,5,28,6,16,5,5,7,7,5,7,5,5,6,7,5,7,6,13,5,6,6,15,7,6,8,6,6,17,5,47,7,7,28,8,34,10,5,50,8,28,1662,887,299,12,515,5,5,40,28,225,491,109,7,467,15,11,15,18,8,7,12,12,14,12,543,11,9,9,8,441,6,28,6,19,6,6,5,13,14,7,6,5,7,11,32,17,30,5,30,32,7,14,15,7,86,18,6,136,6,346,20,23,113,5,5,5,7,12,5,233,35,7,36,89,15,5,1681,787,7,2325,79,106,6,8,219,2004,9,573,9,742,107,6,1007,112,40,260,458,11,26,5,120,117,26,18,164,124,381,110,32,66,21,15,7,5,7,26,10,9,7,117,17,64,5,337,5,219,10,7,37,19,12,5,30,7,30,7,8,8,31,15,503,8,106,410,504,249,16,26,829,353,8,7,9,17,96,917,541,6,7,8,22,333,6,184,5,127,87,64,55,21,6,23,8,11,5,1565,9,427,230,5,6,5,8,49,5,118,5,93,4,33,5,7,5,8,6,11,214,331,15,6,21,12,5,17,5,11,733,21,102,11,379,96,201,11,17,12,214,10,6,203,10,11,7,419,1893,6,8,389,62,105,1927,436,542,5,14,864,8,5,108,1309,16,683,270,109,5,113,9,11,449,3,76,5,5,61,6,78,39,6,116,113,78,78,107,114,115,45,9,116,114,61,116,58,116,99,83,35,83,60,35,82,76,10,36,24,111,112,99,64,101,114,10,14,5,16,104,6,7,492,113,115,76,59,75,6,6,76,77,16,51,82,119,60,5,101,7,13,118,61,40,127,61,40,10,64,5,58,48,44,114,108,10,114,114,37,114,105,8,7,6,10,15,531,9,5,8,5,3,17,5,125,103,6,7,139,60,5,5,7,542,123,25,112,5,570,108,17,98,5,6,99,101,100,101,100,100,101,100,1471,5,1147,178,610,332,91,111,7,96,96,6,95,40,11,9,10,9,16,11,8,8,11,7,109,64,8,9,16,15,6,79,231,5,5,5,7,12,6,322,5,20,8,14,6,9,7,119,229,16,228,19,148,94,179,126,85,236,6,6,23,10,94,13,5,5,10,7,8,5,12,5,8,7,5,6,5,6,9,5,5,7,239,8,6,5,7,8,5,6,9,6,6,15,446,6,7,5,6,33,25,33,8,5,79,98,28,29,159,29,6,6,5,6,12,117,6,17,11,6,13,5,18,6,12,7,6,16,14,56,5,16,5,7,6,200,64,8,23,9,5,5,7,199,440,313,60,6,86,319,5,6,5,7,14,57,14,5,6,6,22,285,6,11,5,6,18,10,27,263,10,7,22,23,23,560,453,45,45,12,882,7,118,119,5,116,24,5,118,20,5,9,5,119,29,124,237,24,31,8,6,116,25,5,8,6,7,346,234,90,9,5,5,42,5,7,6,5,5,223,228,233,12,6,7,5,131,7,1123,29,14,12,5,6,451,760,220,107,105,89,5,20,10,18,5,27,20,26,9,5,13,7,10,103,114,691,5,5,5,5,7,59,17,5,276,336,7,6,117,7,6,10,5,209,16,11,14,429,8,115,2952,12,6,8,220,232,604,386,5,1678,6,30,25,12,10,10,5,6,12,5,9,304,6,9,261,31,21,12,14,6,5,5,5,16,553,7,51,5,51,51,63,56,53,52,6,367,334,62,6,5,5,7,6,66,23,78,5,5,28,20,11,2977,306,125,5,7,261,6,5,5,133,5,9,6,6,15,8,6,5,6,228,13,6,7,230,23,13,5,19,17,13,11,18,7,15,68,5,10,5,473,6,6,5,6,9,9,13,245,1482,8,11,10,102,13,21,190,18,18,16,13,66,543,107,838,35,106,108,13,39,18,6,13,143,13,17,475,31,6,29,29,8,5,9,7,107,6,523,6,6,54,5,12,110,14,25,6,10,13,9,26,11,9,6,10,11,17,6,1270,6,12,8,6,5,339,5,18,12,6,5,253,7,7,11,5,11,15,11,11,14,6,5,11,6,6,179,123,110,102,58,58,5,15,25,6,54,5,34,5,16,10,10,8,7,7,8,14,8,28,5,22,37,201,17,26,45,5,247,28,87,247,6,6,8,47,8,10,68,5,7,16,11,7,7,8,111,5,11,13,422,21,125,11,321,11,6,7,7,6,5,72,107,6,192,113,850,115,8,30,118,14,24,6,1115,561,334,74,7,10,94,1827,585,18,42,12,20,6,7,233,8,509,113,11,91,5,14,25,16,8,8,7,7,673,343,24,6,6,5,5,6,7,8,227,7,339,5,8,8,7,5,7,9,8,6,15,12,811,37,37,7,1004,6,123,5,5,55,202,624,4,41,6,50,190,173,41,77,19,5,215,108,191,5,21,6,35,35,32,5,7,5,32,7,272,58,165,33,247,7,5,6,28,5,225,11,30,5,6,14,231,20,65,6,1452,6,5,51,53,62,52,59,53,50,51,6,313,44,10,24,11,75,5,5,40,7,343,21,5,6,37,38,87,38,7,49,35,449,8,6,63,125,1260,131,261,123,16,9,1535,21,16,41,13,60,9,36,659,412,8,11,14,20,8,24,11,8,9,8,8,5,6,13,5,11,5,6,5,9,6,10,10,110,5,384,5,8,11,7,108,106,11,11,7,382,10,559,6,5,13,687,6,7,23,7,5,17,9,396,809,33,6,66,6,27,11,5,30,28,7,268,19,11,80,21,42,21,8,7,9,14,13,88,589,273,298,114,770,15,734,14,6,61,10,8,7,15,5,11,5,16,12,5,18,6,94,7,223,226,100,131,5,22,31,15,20,16,20,19,10,9,10,11,151,14,5,5,5,7,7,20,7,7,13,7,12,13,15,21,13,6,12,17,6,19,13,9,14,8,9,14,12,6,12,7,5,8,8,8,8,9,27,17,159,211,102,1229,39,6,5,7,11,5,7,7,5,7,7,50,50,7,6,7,5,5,7,7,7,118,11,7,221,5,41,82,23,5,46,26,34,41,62,10,31,5,77,5,77,35,104,9,5,10,105,41,104,5,6,8,15,108,5,10,41,5,78,5,5,104,5,105,104,104,104,67,5,78,99,5,5,41,95,109,5,8,98,29,6,95,98,35,38,6,5,1603,2414,10,6,436,14,49,38,38,26,6,33,41,33,27,41,36,21,22,41,10,800,173,40,464,111,8,5,1576,9,106,83,6,40,8,14,6,451,23,5,17,14,6,26,29,12,5,28,6,5,18,11,6,7,14,11,6,5,7,8,6,15,5,6,8,11,14,41,7,5,42,18,8,6,20,15,6,7,8,52,12,7,6,6,24,5,18,7,31,32,30,30,7,5,6,5,8,5,7,15,36,6,181,11,6,8,25,6,6,27,8,231,6,5,10,5,11,5,5,90,86,13,15,1123,5,6,238,31,6,5,32,7,29,10,7,7,5,33,14,66,7,8,6,7,785,6,16,6,7,170,7,7,31,9,11,13,252,11,6,5,10,17,14,9,5,7,5,13,12,5,5,7,7,7,5,15,7,8,5,7,158,24,516,16,782,14,104,8,12,9,16,12,21,15,613,7,7,6,124,6,12,12,14,5,6,6,6,4,7,6,5,5,5,5,15,40,100,276,6,12,224,5,5,359,214,8,123,42,5,17,13,9,16,16,12,5,41,10,5,5,23,7,5,27,12,39,9,13,7,18,12,8,9,6,7,25,42,5,6,8,5,205,19,11,30,11,553,116,30,852,125,353,6,103,109,113,686,441,200,354,52,48,5,9,135,5,19,181,25,8,13,51,84,5,52,9,1174,192,21,5,170,6,943,125,200,5,6,6,33,4,31,17,31,19,5,103,6,102,48,6,5,105,6,6,15,5,6,104,103,101,105,6,0,11,15,7,8,23,95,4,33,101,40,5,108,328,69,12,6,6,9,9,10,8,30,9,11,7,4,13,201,30,36,36,6,10,30,12,42,29,124,5,30,1781,40,5,7,275,45,7,10,74,196,6,98,6,31,6,14,6,17,50,6,831,349,12,119,264,13,110,272,9,5,216,376,106,2530,1289,216,104,10,153,127,83,50,101,8,12,108,15,38,7,224,6,160,237,75,377,230,8,126,554,12,13,6,8,5,5,5,5,5,5,5,62,8,123,7,12,7,661,5,24,34,951,463,33,5,255,112,14,14,163,13,8,13,6,13,5,5,11,8,7,8,6,6,6,6,853,225,100,12,433,232,518,5,221,1030,219,18,233,606,13,5,320,12,147,8,213,5,14,113,5,15,17,6,5,20,24,15,15,17,5,20,24,15,15,17,20,24,15,15,17,20,24,15,15,17,20,24,15,15,17,20,24,15,15,17,12,17,5,16,15,17,12,169,5,16,15,17,19,5,16,15,17,16,131,15,13,667,10,10,551,7,7,337,474,7,14,9,9,9,39,12,125,9,821,519,41,22,277,7,206,115,7,2024,102,2220,77,5,5,7,6,24,243,73,584,118,2738,6,5,7,11,7,74,875,7,8,124,14,304,14,10,10,7,482,5,106,13,6,12,6,58,1630,5,7,31,7,5,15,226,9,7,460,8,7,6,28,11,9,128,5,18,5,6,13,5,7,5,7,15,5,5,16,5,116,9,10,12,5,302,7,5,5,5,8,27,13,6,7,5,511,1918,196,7,1562,125,17,16,207,6,121,100,16,16,19,16,211,11,5,6,5,8,2461,6,5,14,15,15,159,8,19,119,6,5,2958,580,6,34,11,18,9,12,351,20,8,10,5,10,279,4,446,123,5,8,5,29,29,29,29,848,5,2320,5,9,9,536,237,11,292,13,14,30,22,9,8,20,25,838,7,11,8,68,8,2592,656,303,20,6,27,20,11,27,11,27,11,27,11,20,11,20,11,20,11,11,20,6,737,6,8,12,350,1233,84,625,5,922,5,709,9,455,8,5,10,7,13,6,75,6,6,1133,453,118,5,9,5,7,165,7,11,7,11,7,7,64,7,5,1634,32,5,8,6,29,32,5,5,5,5,6,12,5,5,5,5,364,6,7,5,6,6,9,5,10,7,7,7,6,21,6,16,8,17,19,6,10,5,5,6,6,9,11,5,8,5,9,10,6,9,6,8,5,20,56,5,58,5,5,6,8,9,5,34,10,5,7,5,6,44,100,30,1685,32,260,12,10,515,5,5,224,109,15,11,12,12,646,9,116,8,455,21,6,33,6,19,29,5,14,9,6,17,5,7,14,15,522,5,18,114,13,5,5,11,7,16,15,15,5,843,1130,106,6,8,600,1991,23,49,61,9,402,51,6,8,112,40,117,6,241,8,5,5,203,746,32,5,5,10,5,17,2655,172,335,9,7,30,9,29,15,7,4,17,31,503,106,314,546,250,858,768,26,96,917,541,6,7,8,22,13,64,8,5,23,8,438,9,385,228,5,8,49,5,114,5,93,4,240,7,5,5,6,11,1908,857,17,5,30,11,108,115,11,17,27,232,10,7,64,13,464,329,6,8,62,106,1660,8,5,108,16,686,270,109,94,236,3,8,64,108,113,5,62,12,127,82,81,6,124,109,118,14,5,113,32,116,79,79,6,60,77,58,77,114,81,79,99,109,80,35,77,99,81,79,83,24,35,80,83,5,35,114,6,8,12,10,254,79,6,113,5,134,6,5,10,20,69,6,77,66,34,126,82,107,7,123,59,79,118,52,37,110,107,7,114,8,114,108,114,114,105,8,160,15,489,9,5,10,0,125,5,104,73,5,6,6,7,6,5,7,2479,165,110,112,551,115,6,30,88,101,77,101,101,101,100,101,99,414,1251,5,31,126,691,275,101,113,64,6,80,98,659,5,14,9,6,5,6,11,7,14,9,5,223,6,8,19,5,96,237,5,33,12,767,15,14,5,9,6,20,114,11,555,447,328,148,70,6,119,216,6,6,237,85,6,85,82,6,92,14,21,5,5,8,7,5,7,8,8,5,15,7,6,9,5,418,6,7,6,10,11,6,367,222,10,106,6,6,5,6,7,55,55,32,64,23,11,5,98,6,490,11,9,9,34,6,5,5,6,18,6,350,16,6,201,9,12,715,103,10,46,115,6,7,6,6,10,5,5,5,302,5,311,111,670,5,7,6,21,5,6,556,6,5,8,25,335,10,10,5,131,5,9,587,1694,6,7,451,6,855,119,114,5,121,22,120,12,9,107,109,89,8,998,6,118,5,9,22,19,346,5,46,9,6,5,6,233,227,339,6,5,41,16,63,75,304,196,1136,832,13,7,8,5,213,138,214,450,456,10,25,22,201,17,691,59,59,65,6,5,330,337,6,5,6,117,10,9,11,5,5,431,8,115,3010,9,220,10,1724,1601,191,2725,24,5,303,300,70,11,14,246,5,13,8,6,7,91,554,24,7,5,51,51,58,59,6,62,58,6,5,318,226,16,632,5,6,17,23,5,21,20,11,2134,309,6,5,6,228,120,7,7,12,272,9,5,6,380,211,125,5,1203,244,8,230,6,5,21,20,21,509,7,558,725,35,108,13,18,13,13,604,31,6,32,8,9,107,6,129,6,103,5,12,110,9,324,8,14,339,5,13,15,5,13,116,110,99,103,98,239,6,11,10,8,383,37,200,26,247,247,5,8,106,11,5,105,159,9,5,5,5,105,421,21,127,6,5,11,6,11,11,107,107,6,6,311,13,5,116,44,15,24,1113,464,221,10,95,640,11,6,7,110,6,565,113,14,6,7,19,5,6,8,10,91,6,8,11,25,5,37,10,8,6,7,6,8,7,7,10,631,6,1006,7,1246,7,134,5,56,358,7,624,4,41,11,52,21,41,77,231,331,108,191,5,5,7,109,7,5,46,272,247,5,7,7,5,223,11,30,5,104,7,5,32,222,20,61,6,228,6,18,5,51,52,51,51,52,38,6,68,6,55,53,5,291,44,10,5,6,5,5,40,7,210,343,5,21,49,363,8,63,125,1260,229,221,123,19,7,16,41,404,67,9,12,6,496,8,11,24,17,12,6,5,11,5,6,5,8,13,8,8,13,8,8,8,16,6,5,14,9,9,13,6,18,11,101,5,1536,5,11,7,106,11,10,272,10,6,13,687,6,7,7,5,17,9,935,73,77,72,182,7,268,11,80,5,5,9,14,13,12,256,743,1101,354,114,770,15,734,14,6,76,6,7,11,5,8,16,11,7,7,94,131,15,223,124,330,5,22,15,7,15,9,6,20,8,15,8,154,7,5,11,8,5,11,7,6,7,12,5,14,6,6,6,12,19,7,6,14,5,14,8,15,11,5,9,5,8,13,5,17,216,200,97,1229,39,6,5,5,7,7,5,7,11,106,7,6,105,107,7,7,5,7,7,221,5,26,104,102,47,10,104,111,5,5,115,5,104,115,105,105,5,41,8,21,90,58,35,5,109,109,112,108,5,6,29,6,21,21,6,5,6,13,5,56,40,1545,2470,10,6,245,436,38,38,38,6,33,41,34,36,25,10,1139,180,40,19,83,6,23,6,5,7,6,406,8,5,5,6,9,7,83,6,31,12,108,18,5,6,8,7,7,14,101,6,47,34,43,5,44,6,6,64,8,11,5,6,5,82,6,5,5,42,18,8,7,152,7,8,15,6,7,6,6,9,5,7,7,14,27,14,6,25,5,17,6,17,46,7,31,28,6,15,46,27,116,5,5,8,10,5,7,15,963,1413,210,31,32,7,15,9,8,7,5,15,8,7,194,6,7,9,6,36,83,7,32,8,7,8,21,13,12,5,33,5,6,8,6,7,8,5,7,160,24,547,16,799,14,104,8,9,21,556,11,6,126,6,15,9,18,6,6,42,4,33,5,5,15,40,100,276,6,12,341,5,356,8,123,10,9,6,8,17,21,15,7,7,6,5,22,7,14,5,7,10,9,5,8,248,39,6,6,5,21,9,7,42,5,19,5,5,204,19,11,30,11,553,116,854,125,352,5,6913,109,57,740,431,99,353,5,49,49,13,135,5,19,181,25,8,13,55,5,52,7,7,9,259,6,6,900,126,200,6,6,33,4,31,17,6,103,105,6,106,6,6,15,5,6,103,9,7,18,23,4,33,40,5,68,12,6,10,10,7,30,9,10,7,9,9,7,4,13,201,36,36,9,30,12,124,1320,40,40,275,45,7,270,112,11,6,98,6,30,6,17,51,831,347,12,119,384,9,5,216,106,2416,92,55,104,10,944,28,672,10,8,12,108,6,151,167,167,221,535,8,277,540,12,13,5,5,9,186,7,700,17,6,1122,464,339,6,10,14,84,13,50,30,6,7,7,78,224,100,12,497,235,515,163,108,111,239,13,5,1421,12,146,8,213,14,113,5,14,17,20,24,15,15,17,20,24,15,15,17,20,24,15,15,17,20,24,15,15,17,20,24,15,15,17,20,24,15,15,17,12,17,5,16,15,17,19,5,16,15,17,19,5,16,15,17,16,6,10,806,10,10,7,340,40,124,9,679,116,6,28,7,353,339,46,2445,6,22,235,73,233,117,1183,5,71,21,5,6,5,7,6,7,26,5,312,5,10,216,10,7,10,7,7,59,7,52,
12,9,9,7,7,7,13,12,13,14,9,8,12,6,15,12,7,96,23,96,16,6,6,15,12,18,9,7,41,28,7,7,38,43,9,57,9,20,6,14,7,96,14,96,36,43,14,31,17,37,9,88,7,9,20,19,14,9,3520,8,9,7,60,54,7,60,44,70,57,8,45,24,50,54,13,9,11,11,9,11,7,9,9,6,8,120,10,7,7,13,7,8,14,14,6,9,253,27,43,48,17,15,7,7,7,25,13,53,22,7,25,13,53,22,7,25,13,6,24,9,6,112,74,14,6,8,22,8,17,13,247,13,7,7,6,6,74,15,7,9,14,13,6,9,6,9,6,9,6,9,6,35,6,79,6,79,6,79,6,79,32,32,32,32,32,32,32,32,32,32,32,9,7,6,9,6,14,6,8,11,8,7,9,12,17,9,8,49,9,15,12,12,12,8,18,6,13,19,9,9,14,17,21,8,9,8,6,7,32,14,8,15,49,5,41,160,9,8,6,21,43,41,6,5,6,41,41,6,41,41,6,6,41,6,41,41,5,41,12,12,13,13,8,14,6,12,12,15,14,10,7,15,7,7,14,7,16,7,16,7,203,16,6,6,14,7,19,64,7,15,10,8,14,6,27,6,18,15,8,26,18,16,6,9,7,83,8,10,7,6,10,8,16,6,6,7,73,73,9,136,237,15,82,7,21,11,6,21,28,21,12,21,12,6,21,28,21,12,6,21,12,6,21,12,21,12,6,21,6,21,21,7,575,14,7,8,8,14,13,11,13,20,6,6,10,16,14,13,12,13,11,14,11,74,14,13,8,15,12,16,21,6,17,10,6,8,13,11,29,12,10,6,7,12,9,9,7,6,15,7,8,29,7,11,34,17,7,8,8,17,7,8,12,7,7,17,7,8,9,8,12,21,18,7,10,6,10,9,7,7,7,10,10,16,8,8,11,8,22,17,11,6,10,9,7,9,10,6,11,19,8,15,9,17,8,19,7,13,7,13,9,7,18,9,11,13,8,15,17,6,12,6,16,17,6,6,7,6,7,10,7,6,37,6,6,13,38,28,6,6,6,16,7,21,24,7,6,6,16,11,6,10,12,17,7,7,16,10,6,7,26,6,15,7,9,9,13,10,6,22,10,6,21,7,11,6,9,7,7,22,8,14,13,119,6,10,6,13,6,12,6,17,6,10,6,15,6,12,6,69,33,6,6,9,8,6,6,6,359,10,12,36,7,12,6,26,6,11,6,23,70,6,6,6,6,12,6,6,8,6,9,6,14,37,16,8,9,8,11,9,7,79,17,30,13,17,7,6,13,7,7,44,22,11,5,9,8,13,16,21,41,67,15,16,41,6,6,41,30,15,16,41,6,8,7,9,6,8,17,10,8,10,16,20,12,9,6,6,25,10,12,11,18,8,11,8,25,20,8,15,39,21,57,7,6,33,7,36,6,25,29,6,7,34,79,13,15,11,11,11,15,7,8,14,10,87,20,12,14,10,6,14,19,13,7,6,20,12,9,6,6,6,14,18,18,7,31,20,6,6,121,19,47,7,15,20,8,7,6,33,7,15,31,10,21,7,6,15,7,10,19,7,7,8,18,20,8,31,6,15,6,7,7,20,20,7,6,31,7,15,8,15,15,21,6,15,15,6,15,6,20,22,9,6,14,9,29,8,56,12,9,8,12,12,8,6,8,57,118,103,8,14,15,8,6,7,7,6,6,7,230,18,8,6,12,19,7,21,18,22,44,30,5,6,30,6,18,7,6,155,16,8,14,8,12,12,12,12,8,6,18,7,91,117,111,111,18,9,16,21,13,16,6,8,6,15,16,9,7,6,17,6,6,27,7,7,9,7,8,8,9,7,8,8,20,13,6,62,13,6,13,15,8,10,554,125,9,10,15,6,6,6,20,11,51,20,237,17,6,7,11,30,6,8,8,202,12,8,41,14,8,11,15,8,87,8,102,6,7,6,91,102,6,7,6,26,6,22,7,8,119,10,6,11,62,10,17,8,30,7,30,67,17,8,6,8,7,9,16,9,23,34,12,6,8,6,102,6,6,7,6,121,8,31,11,6,21,42,42,6,6,8,8,16,10,8,13,18,9,11,6,7,7,17,10,6,10,7,13,8,6,20,8,16,42,42,5,8,8,7,14,8,8,33,28,8,19,7,5,8,9,4,6,16,5,43,8,12,11,11,6,6,20,8,12,15,25,6,9,10,9,7,29,447,9,6,9,14,9,7,27,10,79,120,6,7,14,8,7,7,31,14,11,15,6,15,6,8,7,7,7,14,124,7,94,15,15,8,15,22,6,45,9,17,65,19,9,8,6,6,7,18,7,7,6,7,7,20,10,7,6,18,10,7,6,24,6,7,6,22,8,21,6,150,6,9,23,10,84,45,6,97,8,8,37,24,6,11,26,6,23,7,7,9,6,6,10,6,50,6,6,6,6,6,6,10,7,55,41,12,8,19,7,8,20,5,46,8,13,6,6,6,10,7,7,12,7,17,8,6,9,7,17,8,492,7,6,11,7,8,12,12,10,7,7,17,6,6,10,6,11,8,24,13,22,11,5,73,22,8,17,6,29,6,7,7,7,7,7,7,7,7,6,9,17,6,14,15,15,17,45,251,12,14,8,12,12,12,24,6,28,7,17,7,8,7,7,23,8,26,8,7,7,8,7,7,8,7,6,7,12,8,21,6,7,39,10,9,8,8,10,14,8,123,6,8,6,77,114,110,79,114,110,10,20,6,84,33,114,99,6,41,114,83,113,123,83,115,85,82,81,11,107,125,108,83,79,16,6,115,33,78,79,115,116,7,63,82,80,100,99,84,110,99,81,104,101,100,108,78,83,100,110,101,76,102,84,84,35,77,99,84,84,36,101,84,78,79,84,115,11,112,58,102,11,60,115,115,26,11,7,17,9,7,41,93,116,7,31,11,8,113,81,108,76,60,79,114,60,77,11,84,108,78,53,84,86,107,115,104,114,93,82,53,128,82,131,108,131,93,117,102,115,94,8,67,84,84,75,102,125,99,84,101,127,101,106,100,99,115,53,41,115,54,42,112,75,68,84,54,109,54,54,109,109,54,115,115,115,115,38,115,115,9,569,6,130,112,10,10,13,10,32,7,10,11,16,22,10,7,7,15,7,6,7,24,24,28,18,20,7,22,51,22,139,12,16,11,7,7,14,14,17,7,7,7,7,7,84,103,102,102,102,102,101,102,102,101,102,6,10,22,10,6,12,7,8,8,7,98,100,77,97,96,103,62,99,15,7,9,8,9,18,15,14,8,8,8,12,10,9,15,18,7,8,7,6,6,7,14,9,9,16,12,15,7,8,10,8,13,6,7,7,7,6,21,6,22,24,41,58,29,86,106,86,15,6,10,8,12,10,6,14,13,7,8,14,7,14,13,14,6,7,12,8,221,221,222,105,167,34,27,7,37,18,44,37,19,8,6,8,7,10,17,11,9,21,7,9,11,22,7,7,14,8,7,15,16,6,9,10,15,7,11,7,17,10,6,7,13,15,9,12,8,13,12,6,12,13,17,198,6,10,15,14,11,15,21,8,10,21,10,10,7,10,9,9,6,6,9,18,8,8,17,8,224,41,9,8,44,7,17,13,13,9,11,15,15,6,6,14,7,8,227,9,23,7,8,8,6,6,6,117,99,23,6,8,13,6,6,17,11,9,214,121,7,17,14,7,8,8,12,10,15,106,8,13,6,115,6,8,335,17,23,56,29,7,692,16,63,66,78,66,63,7,60,6,67,6,9,8,14,24,231,85,118,74,6,9,17,11,22,13,10,9,7,7,8,11,37,13,7,6,7,6,17,114,7,14,23,7,9,6,16,7,6,14,6,13,120,5,25,6,10,8,12,5,11,9,7,18,18,7,14,8,11,11,21,14,8,12,6,10,300,6,24,8,7,7,8,16,19,17,47,200,38,7,16,15,10,6,6,18,28,7,11,7,6,50,13,17,13,10,6,9,10,6,6,10,16,6,6,7,11,7,15,6,7,8,53,55,6,9,61,53,52,53,51,55,62,55,53,7,15,10,18,75,10,16,54,10,6,10,10,5,13,16,6,16,18,5,6,41,21,9,14,32,15,7,19,16,7,16,12,6,24,6,16,22,8,89,8,16,6,8,33,19,17,6,89,7,21,7,7,14,7,10,81,9,11,25,7,6,26,13,6,37,6,25,12,6,12,6,7,8,7,7,7,6,12,7,13,11,12,6,8,10,7,6,9,6,13,6,11,8,6,8,17,8,43,12,6,11,8,19,8,15,62,8,6,7,8,11,102,10,9,6,11,7,6,11,6,6,94,6,11,13,6,209,7,12,12,7,15,11,16,17,46,8,21,24,8,6,13,8,6,25,11,6,16,6,26,14,6,6,7,13,7,13,7,7,32,11,38,8,7,7,7,14,8,8,8,119,13,11,7,19,10,62,19,9,6,6,11,18,7,7,6,6,6,10,363,14,9,7,13,14,8,5,14,14,8,30,8,30,8,30,7,8,41,8,8,9,21,22,6,6,23,72,6,6,6,14,6,10,14,8,8,6,9,16,6,6,8,7,16,132,15,10,120,44,82,15,9,17,6,14,6,7,16,11,9,17,7,8,6,19,9,10,38,12,7,6,12,15,13,7,7,163,47,8,123,117,107,82,103,56,9,15,7,14,12,11,16,11,166,21,7,21,6,6,12,7,9,6,32,19,20,6,12,12,6,23,56,18,6,22,8,17,18,17,21,24,6,6,21,8,6,71,6,6,10,19,10,6,9,7,7,6,10,6,8,8,8,10,7,6,7,6,6,6,11,9,19,20,16,82,65,6,39,9,7,8,7,22,18,10,7,9,17,61,42,13,13,16,9,21,51,100,8,9,15,7,7,7,12,7,7,7,7,7,8,7,8,17,6,90,7,6,6,7,6,6,30,16,19,6,10,7,88,117,18,6,6,9,7,7,19,12,18,7,6,8,22,7,8,6,6,91,22,12,17,10,7,12,10,16,9,7,37,21,10,6,30,15,10,17,7,9,7,7,21,10,6,30,14,7,9,7,7,13,242,7,6,7,6,20,7,7,8,28,14,10,16,10,9,8,9,7,6,7,7,6,7,6,7,10,8,7,17,10,23,10,12,8,7,17,6,16,10,6,14,425,5,32,6,32,32,6,6,7,6,7,22,30,16,33,32,8,6,6,24,17,30,6,14,30,6,15,11,14,5,30,78,10,34,7,20,9,13,7,95,43,18,9,8,6,7,8,5,8,8,6,39,13,33,16,38,18,13,6,16,23,16,6,16,67,18,44,301,7,6,7,6,45,69,14,249,8,23,6,8,6,9,24,7,6,16,17,15,6,8,12,27,17,5,44,44,44,6,16,6,16,6,16,44,21,14,6,7,10,5,48,19,11,17,15,15,6,123,66,23,6,10,9,9,8,12,15,12,10,15,17,8,33,6,9,52,52,52,6,54,53,52,52,52,60,54,53,7,10,6,6,9,10,15,93,16,487,17,77,8,14,10,11,5,18,8,27,18,6,16,18,8,18,5,88,10,16,42,10,6,65,7,34,23,30,23,6,7,249,43,97,6,6,22,8,15,6,7,9,43,48,9,10,6,13,22,69,22,6,31,11,6,8,6,17,12,8,17,39,7,8,7,22,18,10,7,188,9,17,58,42,13,13,14,14,14,17,10,18,95,7,39,154,14,7,120,9,7,15,9,7,9,8,13,22,9,11,9,7,344,6,10,9,6,6,13,6,13,7,36,7,20,10,6,17,10,10,10,30,8,15,19,7,7,7,7,7,7,8,14,7,6,14,11,10,13,7,14,8,7,20,8,7,7,14,21,8,7,262,15,52,25,70,98,98,98,8,63,11,7,52,24,23,6,6,109,6,8,16,8,20,7,12,12,18,7,699,58,6,15,42,7,30,67,15,17,8,7,7,17,28,78,12,259,126,6,40,6,47,6,104,6,23,50,7,19,16,7,18,6,32,24,9,20,76,22,8,16,6,30,6,22,10,7,8,6,10,6,6,12,13,9,17,8,7,10,6,14,6,11,12,95,356,6,7,81,117,117,116,8,10,7,9,7,8,121,28,22,13,15,56,7,7,13,11,6,10,8,15,6,16,10,6,6,9,63,16,14,6,8,10,7,11,11,8,7,32,114,6,7,54,6,6,7,7,11,9,18,9,16,8,20,10,14,23,6,30,6,11,21,8,19,12,12,8,15,16,12,15,9,10,15,88,29,44,9,17,6,7,6,7,6,6,31,10,15,10,12,38,20,148,32,16,6,7,8,7,34,6,29,17,11,20,12,13,10,12,10,21,14,6,7,20,15,20,8,7,8,8,9,6,8,10,6,248,15,19,7,12,16,7,6,9,19,19,8,7,9,8,38,9,9,9,10,6,7,7,14,8,15,17,8,17,7,14,8,8,6,11,8,56,8,7,7,7,7,7,12,7,7,7,12,7,12,7,11,7,7,7,7,12,11,7,7,7,7,11,7,7,7,7,7,8,10,45,6,39,6,43,6,6,105,6,42,6,7,8,6,43,6,8,10,46,46,7,37,105,6,100,6,102,43,10,38,98,17,42,79,98,66,6,32,7,79,45,62,8,6,11,67,16,109,45,6,106,6,40,6,45,60,80,6,106,61,107,104,107,105,105,42,105,66,6,38,6,7,6,7,6,45,64,6,6,110,69,66,109,100,110,91,34,6,48,7,6,78,105,7,133,9,93,26,25,8,6,27,19,8,45,46,27,8,21,6,8,12,12,9,15,7,19,9,8,29,7,9,22,7,83,7,57,52,7,7,219,7,6,30,16,15,84,7,7,113,8,8,29,6,10,22,7,17,7,26,27,74,84,59,32,24,29,22,12,7,7,77,55,32,36,15,9,7,7,83,83,7,9,8,62,8,6,9,6,7,6,7,281,8,7,83,15,8,6,46,7,23,30,7,9,9,6,34,7,138,57,34,7,9,7,15,16,9,35,27,53,6,6,8,6,83,36,7,150,12,9,9,9,27,9,92,18,6,8,7,8,6,12,10,6,7,11,11,11,8,8,26,19,9,20,19,15,7,37,6,11,7,11,75,8,10,7,42,42,8,8,8,30,8,30,8,30,23,44,17,7,10,13,5,6,7,32,15,30,8,6,16,7,10,32,67,6,12,10,32,15,8,31,15,9,10,7,7,7,7,8,10,7,6,12,7,7,16,10,7,14,32,13,32,32,46,10,235,236,9,59,12,6,42,22,10,39,23,22,7,8,11,6,17,12,17,12,17,10,9,15,10,8,18,22,6,7,6,6,12,10,6,16,10,20,15,8,97,7,19,19,22,6,126,29,14,6,115,7,8,79,48,264,128,9,17,8,8,24,8,12,9,13,7,246,17,6,15,9,7,21,20,10,7,10,7,7,6,7,6,8,6,6,30,5,6,16,6,16,10,6,6,16,7,6,17,16,14,8,36,14,8,12,5,38,25,6,32,7,7,6,16,32,6,17,22,6,14,10,6,16,10,13,16,9,9,9,22,15,5,40,147,10,6,7,6,7,11,7,8,6,7,12,28,157,32,16,6,6,6,6,15,111,17,14,7,20,18,7,12,18,10,10,14,14,7,8,7,8,8,19,6,16,12,9,9,6,7,6,11,17,38,7,9,25,6,20,10,8,8,6,6,6,16,42,8,8,10,12,6,8,6,33,43,13,6,10,7,63,44,7,7,7,11,22,8,6,8,11,12,15,16,12,11,6,13,13,8,26,19,12,6,23,23,23,14,16,23,20,13,14,8,23,13,8,8,6,8,15,6,8,12,7,9,9,7,8,13,7,6,52,52,9,27,7,10,9,11,175,6,22,22,8,72,8,7,31,116,9,6,6,9,8,14,7,50,13,6,209,198,9,6,7,53,21,11,10,41,971,6,7,8,6,16,19,7,6,7,19,12,18,13,8,12,19,18,7,7,16,7,16,21,14,8,19,18,10,6,13,14,34,13,7,16,26,6,6,5,22,26,8,14,18,12,16,14,41,12,41,14,41,67,8,18,23,16,7,41,9,15,8,41,13,11,41,16,42,8,7,8,17,12,17,41,14,39,41,11,8,9,30,11,10,6,11,41,14,41,8,8,10,30,10,8,7,7,12,9,24,21,9,8,7,6,6,18,18,31,8,5,20,21,22,34,5,5,7,34,26,5,20,6,18,41,41,6,41,5,7,6,10,7,52,6,9,13,6,8,14,16,8,25,31,10,8,30,13,8,12,31,13,31,12,31,13,11,11,8,8,30,6,13,8,11,8,31,12,31,31,31,11,7,30,11,6,34,9,31,8,8,30,7,8,31,9,8,8,7,31,37,30,13,8,11,36,31,8,11,15,13,14,11,7,172,18,21,41,6,5,6,41,6,9,102,10,7,108,47,13,7,7,6,29,9,7,6,8,7,17,8,6,41,22,7,11,16,32,13,17,7,6,9,17,16,8,16,9,13,11,6,19,12,16,8,6,19,26,16,132,292,84,10,7,38,32,51,6,6,239,11,234,10,7,11,12,8,9,21,30,123,6,14,20,7,64,38,16,85,6,23,11,9,7,14,9,14,8,10,11,10,7,7,7,14,14,8,470,348,17,16,12,17,7,7,15,20,9,13,16,19,28,16,8,216,293,7,169,237,165,237,225,231,9,13,6,7,9,8,12,13,14,19,6,9,9,8,17,9,13,14,6,7,10,13,8,11,13,14,6,7,8,7,12,9,6,9,9,7,20,8,18,5,6,8,13,9,7,6,16,30,14,30,7,6,30,19,6,31,15,8,7,8,10,118,14,20,15,7,7,6,21,9,6,12,16,46,7,7,106,35,15,19,39,11,15,34,22,6,12,12,44,88,12,7,203,6,11,11,6,12,9,6,6,316,7,6,6,7,14,7,7,6,14,7,7,6,13,7,8,7,6,134,7,76,11,8,17,6,8,16,8,17,8,6,10,11,8,12,7,9,6,8,7,73,79,8,7,9,23,17,9,6,10,18,15,11,34,16,16,8,27,7,13,41,43,22,9,6,11,6,7,6,10,6,7,7,6,11,8,14,14,7,7,9,18,18,18,12,7,6,8,10,6,8,6,17,23,7,6,9,6,62,9,51,7,13,16,12,11,9,11,11,7,18,6,7,6,23,20,6,6,9,168,16,10,15,11,16,10,13,11,16,10,13,11,8,6,9,6,6,8,6,7,12,8,17,26,26,26,7,7,13,8,6,8,8,8,6,6,7,7,6,15,8,11,37,6,8,17,43,16,6,9,8,9,25,6,8,16,8,8,16,7,7,6,15,9,16,9,8,25,8,16,10,16,241,18,21,25,16,16,18,21,25,16,16,18,21,25,16,16,18,21,25,16,16,18,13,6,23,10,9,8,7,8,12,8,7,6,18,8,17,8,14,16,6,9,18,18,8,7,25,18,241,7,17,16,18,20,7,17,16,18,12,7,17,7,16,8,15,8,23,7,7,7,7,6,6,16,15,8,12,11,8,7,8,14,8,11,8,16,8,15,8,14,8,11,8,32,28,9,12,31,22,7,8,31,115,9,62,9,28,10,17,8,16,20,12,8,15,15,8,16,29,278,14,29,29,6,7,18,75,14,55,6,7,20,9,608,7,132,7,7,9,9,12,8,7,39,7,225,52,57,57,7,49,57,48,47,53,19,11,7,6,6,39,34,17,57,57,52,57,7,7,24,39,34,42,57,57,7,567,39,17,7,57,7,17,8,7,76,6,39,9,8,75,288,11,11,8,13,12,6,9,9,39,17,7,6,6,43,17,48,55,7,17,10,14,8,14,7,9,18,8,12,13,9,7,13,7,6,6,15,22,8,21,9,11,10,14,6,19,15,6,6,8,24,9,8,8,25,10,6,8,8,7,18,74,14,6,7,9,6,20,6,8,16,8,8,13,8,7,7,6,7,7,7,7,8,16,16,8,11,7,10,11,8,7,6,9,6,14,6,22,9,6,9,15,15,7,7,414,6,17,6,7,8,10,6,10,6,12,14,13,8,7,7,7,9,6,12,12,8,6,6,29,6,6,11,9,6,6,7,15,7,14,7,7,14,12,12,13,13,15,14,14,13,16,21,15,13,123,6,6,7,20,23,28,20,21,20,7,8,19,7,32,20,24,44,31,20,21,21,7,20,8,126,20,147,7,15,27,17,17,9,7,9,14,8,10,7,4207,6,8,17,8,9,7,6,7,11,1568,351,7,7,14,164,66,104,16,6,6,14,17,28,16,21,48,16,18,33,43,37,16,23,16,7,6,16,14,16,22,37,18,9,20,20,9,6,6,541,9,7,8,34,19,6,8,9,11,9,7,12,6,7,352,994,6,108,137,9,224,112,112,162,266,112,280,8,8,7,6,9,7,90,9,7,35,7,11,118,6,9,14,6,14,6,6,32,32,32,32,7,6,6,899,18,9,22,214,24,14,565,2084,6,883,70,51,18,12,13,8,16,121,14,15,14,6,7,17,8,7,6,10,32,10,29,10,32,1603,10,11,10,400,7,10,9,27,26,6,10,6,6,26,383,7,8,11,9,6,56,2051,122,117,1437,11,421,7,100,7,21,12,6,21,28,6,21,12,21,7,13,21,12,21,28,21,12,21,12,21,12,21,12,12,28,21,12,21,21,21,9,7,54,15,7,583,13,7,672,349,14,178,11,7,71,88,311,6,955,6,60,6,8,7,10,12,81,7,10,7,13,6,9,10,8,7,18,24,15,8,16,7,9,8,12,6,24,15,8,6,8,10,6,7,8,18,7,10,6,11,9,76,454,91,6,747,171,10,9,6,6,14,10,7,16,6,6,6,13,6,8,27,6,18,9,14,6,6,142,6,6,44,7,6,6,8,7,7,9,7,26,6,9,13,30,8,15,13,6,6,13,6,1933,34,6,6,7,25,6,6,8,10,31,7,11,6,29,30,13,6,10,6,7,14,34,774,53,246,13,516,103,6,6,67,8,6,9,12,6,101,110,279,537,16,6,12,9,16,19,94,7,8,19,12,47,23,8,25,20,13,13,655,12,8,7,10,7,10,6,7,10,12,19,7,20,7,12,18,131,6,6,8,15,243,8,20,14,15,6,7,20,20,7,32,30,7,31,23,15,16,6,9,139,9,115,36,7,452,17,116,6,6,49,120,8,6,16,6,7,7,6,230,8,37,6,16,6,40,22,645,8,2248,107,7,13,14,16,217,1894,286,7,94,574,9,448,7,6,315,163,108,7,8,41,14,118,20,7,14,19,6,6,121,25,6,6,121,6,6,161,164,9,391,11,111,33,33,67,22,9,6,9,14,8,27,6,6,121,25,6,49,23,11,10,115,6,8,10,10,13,1541,7,232,6,490,6,6,220,10,10,6,42,10,9,26,20,8,25,25,31,8,9,28,8,32,6,9,32,43,504,9,8,1232,108,12,7,13,17,864,356,9,9,7,10,10,79,606,540,97,7,8,9,23,334,7,99,54,6,8,22,6,9,65,14,7,7,9,7,332,428,12,117,6,14,9,50,14,124,6,17,10,6,41,9,6,5,34,231,8,6,6,10,7,12,1909,8,13,7,7,483,192,8,6,23,13,8,6,8,17,61,6,19,12,381,109,117,12,7,118,199,18,13,13,6,983,24,8,213,219,90,15,202,213,207,8,7,8,7,853,713,7,9,793,63,51,340,341,327,264,7,6,7,6,6,9,7,8,117,6,97,639,17,687,328,46,58,140,343,613,6,110,7,61,6,6,114,7,81,110,79,79,11,39,114,81,8,83,115,8,343,83,77,100,94,81,110,116,113,80,124,78,8,117,80,79,81,115,60,61,62,62,63,84,82,81,102,84,97,115,61,83,61,84,100,100,67,102,84,37,41,99,84,108,101,84,80,100,35,102,11,115,115,11,17,17,565,447,116,251,8,254,116,78,7,12,49,55,73,77,14,83,108,118,108,124,93,78,73,123,78,81,78,83,108,120,81,115,119,67,34,109,123,108,42,75,115,49,99,84,101,117,99,101,106,67,67,32,42,75,115,50,115,115,109,109,115,109,115,115,38,37,9,2501,77,424,91,14,6,10,10,21,7,23,9,10,8,16,10,6,11,40,104,121,53,116,6,8,43,8,122,13,115,168,16,8,9,17,15,21,7,584,218,23,7,100,102,64,45,102,102,101,101,102,100,8,16,7,6,697,19,10,35,19,8,815,7,333,24,8,7,7,69,83,96,7,15,9,12,7,8,8,8,6,6,9,8,10,6,6,105,6,7,19,9,8,6,7,234,13,30,6,6,7,17,6,16,8,15,7,13,10,11,7,9,7,8,8,8,7,9,6,6,227,7,26,45,15,7,179,127,205,13,43,110,7,22,8,12,6,6,6,6,6,13,9,10,7,6,12,8,14,7,9,8,8,6,177,6,13,6,20,7,6,17,6,7,7,7,6,16,249,7,166,222,113,7,35,29,18,6,65,19,7,43,42,10,7,9,11,9,8,11,7,13,8,8,7,34,7,13,241,9,18,205,14,110,14,8,16,113,7,14,10,117,6,127,12,7,7,17,6,15,6,8,7,62,26,8,113,21,6,6,11,13,9,18,8,29,13,15,6,7,21,8,7,29,90,11,19,12,24,455,456,453,42,9,8,77,6,7,318,9,8,7,6,57,6,118,8,17,8,6,122,8,8,46,14,223,111,14,11,121,122,24,10,7,7,14,9,11,7,8,18,9,34,126,9,477,106,6,68,6,33,20,6,6,7,17,22,6,8,9,234,19,250,14,8,8,6,120,29,41,14,132,1281,7,33,10,6,7,12,6,84,220,234,12,108,81,6,19,23,26,19,21,27,29,14,17,454,94,696,14,6,6,66,79,6,7,6,67,67,8,60,13,99,6,7,225,120,118,7,8,6,9,6,9,10,8,9,8,13,6,9,67,20,9,38,15,9,2904,233,6,22,333,6,7,1636,7,24,95,16,7,7,11,6,11,10,13,8,49,6,9,10,188,7,10,6,104,647,73,290,6,18,13,47,22,34,12,9,16,8,119,6,11,8,6,600,10,15,6,29,202,554,6,54,52,52,58,61,54,63,64,54,7,312,414,761,6,7,6,6,9,67,7,24,7,16,6,6,29,21,12,442,38,13,19,126,6,20,6,185,8,6,15,6,6,118,6,10,7,7,6,16,7,13,6,14,8,6,133,14,6,9,8,101,49,42,42,6,6,12,6,251,16,10,14,6,14,6,26,9,6,8,81,6,13,6,13,11,285,7,59,7,163,77,212,7,7,9,13,11,13,14,11,102,40,167,8,25,6,13,6,16,15,19,6,195,14,6,74,6,566,9,27,18,30,189,19,8,284,9,109,14,8,60,114,10,19,9,7,1061,114,8,53,14,10,14,20,11,7,423,18,34,6,14,30,30,7,9,20,6,6,6,26,14,6,10,8,9,6,7,90,7,18,91,7,7,103,103,7,111,18,7,17,11,7,48,9,11,17,19,7,6,7,19,11,7,8,8,340,7,95,6,6,12,104,19,7,18,7,6,7,7,180,115,105,107,107,78,60,9,7,28,16,8,25,6,14,11,7,10,50,6,20,77,37,23,15,9,29,6,127,19,6,23,12,12,23,201,10,18,28,27,6,248,15,42,62,248,9,6,8,7,21,6,14,12,16,6,12,188,6,9,6,8,9,10,9,13,6,9,8,104,9,14,13,258,17,22,8,171,13,105,20,7,8,6,20,12,6,12,8,8,8,10,9,56,7,8,7,193,114,765,31,11,6,89,119,7,6,49,30,13,6,1013,458,99,85,11,95,560,6,31,42,7,18,111,7,8,17,235,9,7,559,115,8,12,7,12,22,6,15,18,28,26,9,7,24,8,8,26,9,8,21,8,7,7,15,31,11,6,9,7,92,22,8,52,8,83,7,7,14,7,14,6,6,17,15,1080,7,117,6,109,232,625,5,6,17,6,6,6,7,51,32,6,174,6,121,173,6,78,10,48,12,134,6,330,109,199,249,6,24,8,6,8,33,6,6,33,33,34,15,275,12,16,248,12,8,10,29,8,12,226,12,31,6,7,211,21,121,7,193,1051,7,15,6,52,52,7,10,1017,295,45,482,25,6,6,10,8,6,6,22,16,8,333,6,7,19,6,249,43,6,71,8,47,36,405,9,1261,231,69,199,78,594,32,16,1481,22,17,42,445,33,748,16,10,206,78,20,551,412,9,13,15,26,14,15,26,24,9,7,22,13,7,6,11,12,8,7,7,12,7,21,10,10,15,6,10,10,7,7,14,6,7,111,6,385,6,9,12,8,109,107,12,8,107,11,271,11,229,14,111,8,1265,320,2374,8,688,7,78,8,63,10,12,23,18,6,6,8,8,10,18,10,55,317,260,235,7,67,15,7,6,28,12,140,6,13,12,43,62,6,23,50,8,159,12,96,16,78,22,22,44,32,6,22,10,7,8,29,13,21,10,17,15,14,98,589,67,101,115,249,27,41,314,771,341,10,9,736,15,16,11,19,6,9,38,10,6,14,26,8,9,23,12,12,219,6,15,16,224,227,101,344,10,32,156,6,22,16,8,21,17,27,23,7,11,7,21,9,11,7,8,7,6,13,7,9,6,15,6,15,8,23,17,17,13,6,9,10,15,7,16,7,21,16,7,17,6,16,9,16,11,10,12,34,9,9,10,6,7,7,28,6,17,33,196,9,1171,40,16,104,8,8,7,6,8,8,89,12,8,8,6,7,6,12,8,7,8,6,6,8,8,7,6,8,12,8,222,100,343,7,26,41,6,28,69,105,6,27,105,6,102,6,77,11,45,6,78,6,105,10,48,6,6,40,6,12,6,6,6,105,106,105,103,114,106,117,105,42,7,79,98,6,38,6,28,32,6,70,75,6,96,110,111,11,48,30,110,39,7,6,17,7,233,6,11,7,1217,26,8,47,49,7,34,32,20,6,28,12,11,6,623,280,41,7,17,107,19,8,7,34,8,7,14,88,9,7,178,15,47,382,8,24,29,6,7,6,10,7,10,11,7,6,357,15,85,30,32,7,7,6,18,19,13,12,7,17,63,7,26,7,30,39,6,45,7,6,18,6,19,15,7,6,83,6,8,109,15,29,6,7,7,9,8,51,29,8,9,89,7,32,8,6,8,31,33,8,29,8,9,9,6,29,6,9,13,35,37,8,10,86,9,8,6,9,12,7,9,7,27,9,29,21,6,13,12,6,8,16,6,10,7,22,8,10,16,999,211,439,7,6,6,30,30,7,32,30,16,8,8,8,8,30,6,8,90,15,30,30,9,12,8,7,9,7,8,10,7,6,10,6,14,8,7,6,10,7,35,9,32,10,12,12,12,14,14,153,9,7,8,20,17,14,6,8,17,6,6,7,8,17,13,20,25,20,15,6,8,97,160,49,25,633,17,10,788,15,127,7,9,10,18,16,14,12,10,363,10,7,7,14,6,7,6,7,20,7,16,10,6,7,7,16,103,7,6,5,46,32,6,10,6,16,16,10,16,109,14,6,277,300,7,7,281,338,6,6,14,9,9,147,43,6,6,30,10,19,7,11,16,10,6,20,10,7,8,9,6,10,8,7,9,17,13,9,9,7,9,6,10,6,8,8,19,44,7,6,245,7,8,31,12,117,312,850,7,117,354,20,36,20,13,104,110,6,14,6,8,226,201,101,6,6,21,137,6,22,59,10,173,26,9,14,56,47,6,6,6,274,7,60,6,53,22,43,522,10,22,7,10,22,6,174,13,7,7,119,7,205,8,6,7,7,11,6,32,5,32,6,105,103,7,12,6,106,67,8,9,61,7,59,6,9,7,7,16,6,7,106,104,101,10,7,30,201,1063,7,10,8,30,6,7,8,24,40,6,22,9,24,67,6,34,16,6,41,6,109,331,9,12,7,10,9,30,12,10,7,31,10,31,6,30,12,8,14,6,8,31,9,31,7,31,13,8,11,7,11,30,8,10,8,6,7,31,13,8,43,6,124,8,6,1323,41,41,8,160,14,10,7,11,92,7,8,7,46,8,6,6,11,96,7,6,12,6,13,11,6,7,327,18,173,52,823,13,163,7,10,196,10,6,14,20,134,26,11,178,7,9,6,9,10,156,217,14,61,42,6,457,121,7,12,154,18,7,117,85,7,109,9,13,109,59,7,21,23,161,168,156,165,73,590,231,9,13,446,13,79,16,6,12,24,6,7,6,6,21,18,7,7,6,6,14,9,206,9,6,8,30,33,7,30,8,8,10,701,11,717,24,6,9,15,960,26,357,7,30,256,12,166,15,15,7,14,25,165,14,6,14,8,6,34,19,7,7,8,7,8,8,7,8,112,80,11,108,101,13,442,152,15,137,119,516,11,90,224,16,12,403,6,7,320,219,13,148,13,9,7,15,59,6,16,18,21,25,16,16,18,21,25,16,16,18,21,25,16,16,18,21,25,16,16,18,21,25,16,16,18,21,25,16,16,18,13,509,18,17,16,18,13,20,7,17,16,18,20,7,17,16,18,168,246,55,8,9,15,964,11,90,11,51,8,8,7,7,114,918,7,195,15,8,214,16,10,272,107,43,117,8,7,624,8,7,98,15,278,8,13,16,15,8,8,8,1578,228,359,6,7,20,55,7,119,8,6,7,57,57,7,6,76,472,7,8,7,76,6,9,8,75,312,11,8,202,148,307,6,10,7,16,500,6,51,178,7,13,154,208,306,6,340,8,6,11,6,8,10,27,7,16,799,205,101,39,8,24,8,6,16,16,8,29,6,121,6,12,19,6,6,6,13,6,6,8,13,6,15,6,7,9,6,8,6,6,7,7,8,6,8,6,10,22,7,20,396,7,23,7,10,6,19,8,6,10,11,6,189,8,110,108,9,16,14,7,25,14,7,44,12,7,12,14,455,6,199,8,6,1821,31,20,6,17,38,7,104,145,135,20,17,17,9,9,1173,6,6,4143,6,10,7,2519,17,7,6,7,20,20,223,6,7,16,22,9,20,9,8,17,6,3599,582,7,35,9,8,19,8,9,7,7,11,120,1491,59,90,6,108,25,9,11,266,282,10,447,119,328,118,6,9,6,32,32,20,32,736,13,12,11,14,2174,8,10,448,12,261,55,124,14,15,6,207,31,6,402,15,6,16,6,27,6,26,104,8,12,78,2828,160,2176,239,418,7,100,21,21,28,21,7,12,28,12,28,12,28,21,12,21,28,21,12,21,28,28,104,16,12,12,7,7,54,38,16,7,10,109,13,244,7,12,223,91,6,343,352,6,2059,26,6,208,26,7,7,456,10,14,7,15,6,8,6,16,8,15,28,7,10,76,455,91,6,9,20,6,12,7,11,6,18,6,3526,144,6,6,7,7,12,12,9,30,8,51,10,6,13,6,1867,24,7,14,17,24,6,6,10,11,13,6,6,7,22,8,8,7,8,6,122,8,6,7,65,7,7,15,6,7,18,7,15,7,9,10,6,29,7,17,6,6,8,8,6,8,6,6,7,8,6,8,7,14,6,7,7,16,20,7,9,7,7,18,6,48,8,8,29,9,35,11,6,51,9,32,1663,888,300,13,516,6,6,41,36,226,492,110,474,16,12,16,19,9,8,14,13,15,13,545,12,10,10,9,442,7,31,7,20,7,7,6,14,15,8,7,6,10,12,33,18,31,6,38,33,8,15,16,8,87,20,7,137,7,347,21,24,114,6,6,6,8,13,17,234,37,8,37,90,16,6,1682,788,8,2326,107,7,9,220,2007,10,574,10,743,108,7,1008,113,41,261,459,12,27,6,121,118,27,165,382,111,33,67,22,16,8,6,8,27,11,10,8,118,18,1858,6,338,6,220,11,8,38,20,13,6,31,8,31,8,9,9,32,16,504,9,107,746,250,17,27,830,356,9,8,10,18,97,918,542,7,8,9,23,334,7,185,6,128,88,65,24,7,24,9,12,1566,10,428,231,6,14,9,50,14,119,6,104,5,34,6,8,6,9,7,12,215,332,16,7,22,13,6,18,6,12,22,103,12,380,97,202,12,18,13,215,11,7,204,11,12,8,786,1894,7,9,390,63,106,1928,437,549,6,15,865,9,6,109,1310,17,684,271,110,6,114,10,189,450,4,77,6,6,62,7,79,40,7,117,114,79,79,108,115,116,46,10,123,115,63,123,59,117,100,84,36,84,61,36,83,77,11,37,25,112,114,100,67,102,115,11,17,6,17,105,7,8,493,116,116,77,60,76,7,7,77,78,17,52,83,120,61,6,102,8,14,119,62,41,128,62,41,11,65,6,59,49,45,115,109,11,115,115,38,115,106,9,8,7,11,20,532,10,6,15,6,4,18,6,126,104,7,8,140,61,6,6,8,543,125,26,113,6,571,109,18,99,6,7,100,102,101,102,101,101,102,101,1472,6,1148,181,845,333,92,112,8,97,97,7,96,41,12,10,11,10,17,12,9,9,12,9,10,17,16,7,80,232,6,6,6,8,13,7,325,16,16,15,7,10,8,120,17,229,20,149,95,180,127,86,237,7,7,24,11,95,6,6,11,8,10,6,6,15,8,6,7,6,7,12,6,6,8,243,9,7,6,8,9,6,10,7,7,16,447,7,8,6,7,35,26,34,9,6,80,99,29,30,160,30,7,7,6,7,13,118,7,18,12,7,14,6,19,7,13,8,7,17,15,57,6,6,8,7,201,65,9,10,6,6,10,441,314,61,7,87,322,6,7,6,15,58,15,6,7,7,23,286,7,12,6,7,19,11,29,271,11,8,23,24,24,561,454,46,46,883,8,120,6,117,25,6,119,23,6,10,6,120,30,125,238,25,32,10,7,117,26,6,9,7,8,347,235,91,10,6,6,44,6,8,7,6,6,226,682,234,13,7,8,132,1124,30,15,13,6,7,452,108,106,90,325,21,11,19,6,28,21,27,10,6,14,8,11,107,115,692,6,6,6,6,8,60,6,279,337,8,7,118,8,7,12,6,210,17,12,15,430,9,116,2953,13,7,221,233,605,387,6,1679,7,31,28,13,11,11,6,7,13,6,10,305,7,10,262,32,22,13,16,7,177,6,6,18,554,8,52,6,52,52,64,58,54,53,7,368,336,63,7,6,6,10,7,67,24,81,6,6,29,21,12,307,126,6,8,262,7,6,6,134,6,10,7,7,16,9,7,7,229,14,471,8,231,24,21,6,20,18,14,12,19,8,16,69,6,11,6,480,7,15,6,7,10,10,14,246,1483,9,12,11,103,14,22,191,19,26,17,14,67,544,108,839,36,107,109,14,40,19,7,14,144,14,18,476,32,7,30,30,9,6,10,8,108,7,530,7,7,55,6,13,111,15,26,7,11,24,27,12,10,7,11,14,19,7,1271,7,13,9,7,6,340,7,19,13,7,6,254,8,8,14,6,12,16,14,15,7,6,18,7,7,180,124,111,103,81,59,6,17,26,7,55,6,35,6,17,12,11,13,21,8,9,15,9,29,6,23,38,202,18,27,46,6,248,29,88,248,7,7,9,48,9,11,69,6,8,17,12,8,8,9,112,6,12,14,423,22,126,12,322,12,7,8,8,7,6,73,108,7,193,114,851,116,11,31,119,15,25,7,1116,335,75,8,11,95,1828,586,19,43,13,21,7,8,234,9,510,114,12,92,6,15,26,17,9,9,8,17,674,344,25,7,7,6,7,7,8,11,228,8,340,6,9,9,8,6,8,10,9,7,16,13,812,39,38,15,1005,7,124,6,6,56,203,625,5,42,7,51,191,174,42,78,20,6,216,109,198,6,22,7,36,36,33,6,8,6,33,15,275,59,166,34,248,8,6,7,29,12,226,12,31,6,7,15,232,21,66,7,1453,7,6,52,54,63,53,60,54,51,52,7,316,45,482,25,12,76,6,6,41,8,346,22,6,7,38,41,88,41,8,50,36,450,9,7,1261,132,262,639,10,1536,22,17,42,14,76,10,37,660,413,9,12,15,21,9,25,12,9,10,9,9,6,7,14,6,12,8,7,6,10,7,11,11,111,6,385,6,9,12,8,109,107,12,12,8,383,11,560,14,6,14,688,7,8,24,8,6,18,10,398,810,34,7,67,7,28,12,140,31,29,8,269,20,12,96,22,43,22,9,8,10,15,14,95,590,274,299,115,771,16,735,15,7,11,19,8,23,6,12,6,17,13,6,19,7,95,20,224,227,101,132,6,23,32,16,21,17,21,20,12,11,12,12,152,15,6,6,6,9,8,21,8,8,14,8,13,14,16,23,14,7,13,7,21,14,10,16,9,10,15,13,7,13,8,6,9,9,9,9,10,28,30,160,212,103,1230,40,7,6,8,12,6,8,8,6,8,8,51,51,8,7,8,6,6,8,8,8,12,8,222,6,42,83,24,6,47,27,35,42,63,11,32,6,78,6,78,36,105,10,6,11,106,42,105,6,7,9,16,109,6,11,42,6,79,12,6,105,6,106,106,106,105,68,7,79,100,6,6,42,96,110,6,9,100,30,7,98,100,36,39,7,6,1604,2417,11,7,1244,15,50,39,39,27,7,34,42,34,28,42,22,23,42,11,801,176,41,465,112,9,6,1577,10,107,85,7,41,9,15,7,452,24,6,18,15,7,27,30,13,6,29,7,6,19,12,7,8,15,12,7,6,8,9,7,16,6,8,9,12,15,42,8,6,43,19,9,7,21,16,7,8,9,53,13,8,7,7,26,6,19,8,32,33,31,31,8,6,7,6,9,6,8,16,37,7,182,12,7,9,26,7,7,29,9,232,7,6,13,6,12,6,6,98,87,14,16,1130,718,7,281,32,7,6,33,8,30,11,8,8,6,34,15,67,8,9,7,8,786,7,17,7,8,171,8,8,32,10,12,14,253,14,7,6,18,15,10,6,8,6,14,13,6,6,8,8,8,6,16,8,9,6,8,159,25,517,17,783,15,105,9,13,12,17,13,16,614,8,8,7,125,7,13,15,6,7,7,7,5,8,7,6,6,6,6,16,41,101,277,282,225,6,6,360,215,9,147,43,6,19,14,10,18,17,13,6,42,11,6,6,24,15,6,28,13,42,10,14,8,19,13,9,10,7,8,26,43,6,7,10,6,206,20,12,31,12,554,117,33,853,126,354,104,110,114,687,442,201,355,53,49,6,10,136,6,20,182,26,9,14,53,85,6,53,10,1175,193,22,6,171,7,944,126,201,6,7,7,34,5,32,18,32,20,6,104,7,103,49,7,6,106,7,7,16,6,7,105,104,102,106,7,12,16,8,9,30,96,5,34,102,41,6,109,329,13,7,7,10,10,11,9,31,10,12,8,5,14,203,31,37,37,7,11,31,13,43,30,125,6,31,1782,41,6,8,276,660,10,11,75,197,7,99,7,32,7,15,7,546,51,7,832,13,120,265,14,111,273,120,6,217,377,107,2531,1290,219,105,12,154,128,84,51,109,9,13,109,16,39,8,225,7,161,238,76,378,231,9,127,555,13,14,7,9,6,6,6,6,6,6,6,9,180,8,15,8,662,6,25,35,952,464,40,6,256,113,15,15,165,14,9,14,7,14,6,6,12,9,8,9,7,7,7,7,854,226,101,13,442,233,519,6,222,1031,220,19,234,50,6,321,13,148,9,214,6,15,114,6,16,18,7,6,21,25,16,16,18,6,21,25,16,16,18,21,25,16,16,18,21,25,16,16,18,21,25,16,16,18,21,25,16,16,18,13,18,18,17,16,18,13,170,7,17,16,18,20,7,17,16,18,17,132,16,16,668,11,11,552,8,8,340,475,8,16,10,10,107,40,14,126,10,822,520,42,23,278,8,207,116,8,103,2221,78,6,6,8,7,25,75,119,2739,7,6,8,12,8,75,878,8,9,125,15,305,15,11,11,10,483,6,107,14,7,13,7,59,1631,6,8,32,8,6,16,227,10,8,468,16,8,8,29,10,129,6,19,6,7,14,6,14,6,8,16,6,6,17,6,117,10,11,6,303,8,6,6,6,9,14,7,12,14,512,1919,198,8,1563,129,18,17,208,7,124,101,17,17,20,17,212,12,6,7,6,9,2464,7,6,15,20,20,160,9,20,120,7,6,3023,583,7,35,12,19,10,13,352,21,9,11,6,11,280,5,447,124,6,9,6,32,32,32,32,849,14,2321,6,10,10,537,238,12,293,14,15,31,23,828,9,23,26,839,8,12,9,69,9,2593,657,304,21,7,28,21,12,28,12,28,12,28,12,21,12,21,12,21,12,12,21,7,738,7,15,13,351,1234,85,626,6,923,6,710,456,9,6,11,8,14,7,76,7,7,454,119,6,12,6,8,185,8,12,8,12,8,8,65,8,6,1635,33,6,9,7,30,33,6,6,6,6,7,15,6,6,6,6,7,8,6,7,7,10,6,13,8,8,8,7,22,7,17,9,18,20,7,11,6,6,7,7,10,12,6,9,6,10,13,7,10,7,9,6,57,6,59,6,6,7,9,10,6,35,6,8,6,14,45,101,31,1686,261,13,11,516,6,6,225,110,16,12,13,13,647,10,9,456,7,34,7,20,30,6,15,10,7,18,6,8,15,16,523,6,20,115,14,6,12,8,17,16,16,6,844,1131,107,7,9,601,1994,24,163,62,10,403,52,7,9,113,41,118,7,242,9,6,6,204,747,33,6,6,11,6,18,2656,173,336,18,8,31,30,16,8,5,18,32,504,107,788,251,859,771,27,97,918,542,7,8,9,23,14,65,9,6,24,9,439,10,386,229,14,9,50,14,115,6,104,5,241,8,6,6,7,12,1909,858,18,6,31,12,109,116,12,18,28,233,11,8,65,15,846,330,7,9,63,107,1661,9,6,109,17,687,271,110,95,237,4,9,65,109,114,6,63,13,131,83,82,7,125,110,119,15,6,114,33,123,80,80,7,61,78,59,78,115,82,80,100,110,81,36,78,100,82,80,84,26,36,81,84,6,36,115,7,9,13,11,255,80,7,116,6,135,7,6,11,21,70,7,78,67,36,127,83,108,8,124,61,80,119,53,38,111,108,8,115,9,115,109,115,115,106,9,161,20,490,10,6,11,2,126,6,105,74,6,7,7,8,7,6,8,2480,166,111,113,552,116,7,31,89,102,78,102,102,102,101,102,100,415,1252,6,32,129,926,276,102,114,65,7,81,99,660,6,15,10,0,6,7,12,8,15,10,6,224,7,9,20,6,97,238,6,34,13,768,26,6,10,7,21,115,12,556,448,329,149,71,7,120,217,7,7,238,86,7,86,83,7,100,23,22,6,6,9,8,6,8,9,9,6,16,8,7,12,6,421,7,8,7,11,12,7,368,223,11,107,7,7,6,7,8,56,56,33,65,24,12,6,99,7,491,12,10,10,35,7,6,6,7,19,9,353,17,7,202,10,13,716,104,11,47,116,8,8,7,7,11,6,6,8,383,6,312,112,673,6,8,7,22,6,7,557,7,6,9,26,337,11,11,6,132,6,10,588,1695,7,8,452,7,856,127,115,6,122,23,121,13,10,108,110,90,9,999,7,119,6,10,23,21,923,6,47,10,7,6,7,236,682,340,7,6,42,17,64,77,312,197,1137,833,14,8,9,6,139,215,451,457,11,26,23,205,18,692,60,60,66,7,6,333,339,7,6,7,118,11,2692,12,21,6,432,9,116,3011,221,11,1725,1602,192,2726,25,6,304,301,71,12,16,247,6,14,9,7,10,92,555,25,8,6,52,53,59,60,7,63,59,7,6,319,228,17,633,6,7,22,24,6,22,21,12,2135,310,7,6,7,229,121,8,8,18,273,10,6,387,212,127,6,1204,245,9,231,7,6,22,21,22,510,8,559,726,36,109,14,19,14,14,605,32,7,33,9,10,108,7,130,7,104,6,13,111,10,325,9,18,340,7,14,16,6,14,117,111,101,104,100,241,7,12,12,9,384,38,201,27,248,248,6,9,107,14,6,106,160,10,6,6,6,106,422,22,128,7,6,12,7,12,12,108,108,7,7,312,14,6,117,45,16,25,1114,467,222,11,96,641,12,7,8,8,566,114,15,7,8,27,6,7,9,11,92,7,22,12,26,6,40,11,9,7,8,7,9,8,8,11,632,7,1007,15,1247,8,135,6,57,359,8,625,5,42,12,53,22,42,78,232,332,109,198,6,6,8,110,8,6,47,275,248,6,8,8,12,224,12,31,6,121,8,6,33,223,21,62,7,229,7,19,6,52,53,52,52,53,39,7,69,7,56,54,6,294,45,482,6,7,6,6,41,8,211,346,6,22,50,364,9,1261,230,222,637,20,8,17,42,405,83,10,13,17,497,9,12,25,18,13,7,6,12,8,7,6,9,9,9,14,9,9,9,17,6,15,10,10,14,7,12,102,6,1537,6,12,8,107,12,11,273,11,14,14,688,7,8,8,6,18,10,936,74,78,73,183,8,269,12,96,18,6,10,15,14,13,263,744,1102,355,115,771,16,735,15,7,77,7,8,12,6,9,17,8,8,95,132,16,224,125,331,6,23,16,8,16,11,7,21,9,16,9,8,6,12,9,6,12,8,7,8,13,6,15,7,7,7,13,8,7,15,6,16,9,16,12,6,10,6,9,14,6,30,217,201,98,1230,40,7,6,6,8,8,6,8,12,107,8,7,106,108,8,8,6,8,8,222,6,27,105,103,48,11,105,112,6,6,116,6,105,116,106,106,7,42,9,22,91,59,36,6,110,110,113,109,6,7,30,7,22,22,7,6,7,14,6,57,41,1546,2473,11,7,246,1217,39,39,39,7,34,42,35,26,11,1140,183,41,20,84,7,24,7,6,8,7,407,9,6,6,7,10,8,84,7,32,13,109,19,6,7,9,8,8,15,102,7,48,35,44,6,46,7,8,65,9,12,6,7,6,83,7,6,6,43,19,9,153,8,9,16,7,8,7,7,10,6,8,8,15,28,15,7,26,6,18,7,61,47,8,32,29,7,17,47,28,117,6,7,9,11,6,15,16,970,1414,253,32,33,8,16,10,10,8,6,16,9,8,195,7,8,10,7,37,84,8,33,9,8,9,22,14,13,6,34,6,7,9,7,8,9,6,8,161,25,548,17,800,15,112,9,10,22,557,12,7,127,7,16,10,19,7,7,43,5,34,6,6,16,41,101,277,337,344,6,357,9,147,12,10,7,9,18,22,16,8,8,13,6,23,8,15,6,8,11,10,6,9,249,42,7,7,6,22,10,8,43,6,20,6,6,205,20,12,31,12,554,117,855,126,353,6,6914,110,58,741,432,100,354,6,50,50,14,136,6,20,182,26,9,14,56,6,53,8,8,10,260,7,7,901,127,201,7,7,34,5,32,18,7,104,106,7,107,7,7,16,6,7,104,10,8,19,30,5,34,41,6,13,7,13,11,8,31,10,11,8,10,10,8,5,14,203,37,37,10,31,13,125,1321,41,41,276,618,10,271,113,12,7,99,7,31,7,514,52,832,13,120,385,159,6,217,107,2417,93,56,105,12,945,29,675,11,9,13,109,7,153,168,168,222,536,9,278,541,13,14,6,6,10,243,8,701,18,7,1123,465,340,7,11,15,87,14,51,31,7,8,8,85,225,101,13,506,236,516,164,109,112,240,50,6,1422,13,147,9,214,15,114,6,15,18,21,25,16,16,18,21,25,16,16,18,21,25,16,16,18,21,25,16,16,18,21,25,16,16,18,21,25,16,16,18,13,18,18,17,16,18,20,7,17,16,18,20,7,17,16,18,17,7,11,807,11,11,8,343,41,125,10,680,117,7,29,8,354,340,47,2446,7,23,75,118,1184,6,72,22,6,7,6,8,7,8,27,14,313,6,12,217,12,8,12,8,9,60,9,53,
13,12,14,8,8,8,14,13,14,15,17,9,14,7,16,14,8,97,24,97,17,7,7,16,14,19,10,8,42,29,23,8,39,44,10,58,10,21,7,15,8,97,15,97,37,44,15,32,18,38,10,89,8,10,21,20,15,10,3585,13,8,61,55,8,61,45,71,58,9,50,25,51,57,14,10,12,12,10,12,10,7,9,121,8,8,14,8,13,15,15,7,10,261,28,44,49,20,16,8,8,8,26,14,54,23,8,26,14,54,23,8,26,14,7,25,10,7,113,75,15,9,23,13,18,14,248,14,8,8,7,7,75,16,8,10,30,14,7,10,7,10,7,10,7,10,7,36,7,81,7,81,7,81,7,81,36,36,36,36,36,36,36,36,36,36,36,10,8,7,10,7,30,7,8,10,13,18,16,16,50,10,17,13,13,9,19,7,14,20,10,10,15,18,22,9,16,9,7,8,33,18,9,16,127,6,42,161,10,9,7,22,44,42,7,6,7,42,42,7,42,42,7,7,42,7,42,42,6,42,13,13,14,14,9,15,7,13,13,16,15,13,8,16,8,8,15,8,17,8,17,8,17,7,7,15,8,22,71,8,16,11,9,15,7,28,19,16,34,19,17,7,10,8,84,12,11,8,7,9,17,7,7,8,74,74,10,137,238,16,83,8,22,12,7,22,29,22,13,22,13,7,22,29,22,13,7,22,13,7,22,13,22,13,7,22,7,22,22,8,576,15,8,10,9,15,14,15,14,21,7,7,20,17,15,14,13,14,12,16,12,75,15,14,18,16,13,17,22,7,18,11,7,9,14,12,30,13,11,7,8,21,10,8,7,16,8,9,30,8,12,35,18,8,9,9,18,8,9,15,8,14,18,8,9,10,9,13,22,19,8,7,11,8,8,8,11,11,17,9,9,12,9,23,19,7,11,8,10,11,7,12,20,9,22,10,18,10,20,8,14,8,10,12,14,9,16,18,7,13,7,17,18,7,7,8,7,8,11,8,7,7,7,14,39,29,19,7,7,17,25,8,13,17,12,7,11,13,19,8,8,18,7,8,27,7,16,8,13,10,11,7,23,11,7,22,8,7,10,8,8,23,9,15,14,121,7,11,7,14,7,13,7,18,7,11,7,16,7,13,7,70,34,7,7,9,7,7,7,11,13,38,8,13,7,27,7,14,7,24,71,7,7,7,7,13,7,7,9,7,10,7,15,17,9,9,8,80,18,31,14,18,8,7,8,8,23,12,6,10,13,14,17,22,42,68,16,17,42,7,7,42,31,25,17,42,7,9,8,7,9,18,18,9,11,32,21,13,7,7,26,11,13,13,19,9,12,9,26,39,12,17,40,22,58,8,7,34,8,37,7,26,54,7,8,35,80,14,16,12,14,12,11,88,21,13,15,11,13,16,20,14,8,7,21,13,10,7,7,17,16,19,20,8,32,21,7,7,20,48,8,17,24,9,8,7,34,8,17,32,13,23,8,7,16,8,13,23,8,8,12,19,21,9,32,7,16,7,8,8,21,21,8,7,32,8,17,9,17,17,22,7,17,17,7,16,7,21,23,12,7,21,23,30,9,57,10,9,13,9,7,9,58,120,104,9,15,11,7,8,8,7,7,8,22,9,7,13,27,8,19,23,45,31,6,7,31,7,19,7,156,17,9,15,9,13,13,13,13,9,7,21,8,92,119,112,112,19,10,17,22,14,17,7,9,7,16,17,10,7,18,7,7,39,8,8,10,8,9,10,10,8,9,9,21,14,7,63,14,7,14,11,555,126,10,16,7,7,7,21,12,52,21,238,18,7,13,31,9,9,203,13,42,15,9,21,16,9,88,9,105,7,8,7,92,103,7,8,7,27,7,23,8,9,120,11,13,63,12,24,9,31,8,31,68,18,9,8,9,8,18,10,24,35,13,7,9,7,105,7,7,8,7,122,9,32,12,7,43,43,7,8,9,9,17,14,9,14,121,10,12,7,8,8,18,11,7,11,8,14,9,7,21,9,17,43,43,6,9,9,8,15,9,9,34,29,9,8,6,9,10,5,7,17,6,44,9,13,12,7,7,21,9,13,16,26,7,11,11,10,8,30,448,10,7,10,15,10,8,28,11,80,121,8,22,9,15,15,32,15,12,16,7,16,7,9,8,8,8,15,125,8,95,16,18,9,18,23,7,46,10,18,66,21,11,9,7,13,8,19,8,8,7,8,8,23,13,8,7,19,13,8,7,25,8,7,23,19,7,151,7,10,24,11,85,46,7,98,9,9,38,25,7,12,27,7,24,15,15,10,19,7,11,7,51,19,7,19,7,7,7,8,56,42,16,20,8,9,21,6,47,9,14,7,7,7,11,15,8,13,8,18,9,7,8,18,493,8,7,12,8,9,13,13,15,8,15,18,7,7,11,7,12,9,25,14,23,12,74,25,9,18,7,30,7,15,15,8,14,14,14,15,8,7,10,18,7,15,16,16,18,46,252,13,15,9,13,13,13,25,7,29,14,18,8,9,8,8,9,27,9,15,8,9,15,15,9,8,7,8,13,9,22,7,8,40,9,11,15,9,124,7,9,7,79,115,111,80,115,111,11,21,7,85,34,115,100,7,42,115,84,114,124,84,116,86,84,82,12,108,126,109,84,80,17,7,116,34,79,80,117,117,8,70,83,81,101,100,85,112,100,82,105,102,101,109,79,84,101,112,102,77,103,85,85,36,78,101,85,85,37,102,85,79,80,85,116,12,113,59,103,12,61,116,116,12,8,20,10,8,42,94,117,8,32,12,16,114,82,109,77,61,80,115,61,78,12,85,109,79,55,85,87,108,117,105,115,94,84,54,130,83,136,109,136,94,118,103,117,95,9,68,85,85,76,103,126,102,85,102,128,102,107,101,100,117,54,42,117,55,43,113,76,69,85,55,110,55,55,110,110,55,116,116,116,116,39,116,116,10,570,7,131,113,11,11,14,11,34,8,11,12,17,23,11,8,8,7,8,25,25,29,19,21,8,23,52,23,140,13,17,12,8,8,15,15,8,8,8,8,85,104,103,103,103,103,102,103,103,102,103,12,77,11,13,8,9,9,8,101,79,98,97,104,63,100,16,8,10,9,10,16,9,9,9,13,16,19,8,9,8,7,7,15,15,10,10,17,13,16,8,9,11,9,14,7,8,25,22,7,23,25,42,59,30,87,107,87,7,9,13,13,7,15,14,15,13,16,8,14,8,13,222,222,223,106,168,36,28,8,38,19,45,38,20,9,7,9,8,11,12,10,22,8,10,12,23,8,8,15,9,17,15,10,11,16,8,12,8,18,11,7,8,16,10,13,14,13,13,14,18,199,7,11,16,15,12,16,22,9,11,18,23,8,11,10,10,7,14,19,9,9,18,9,225,42,10,9,45,8,18,14,13,12,16,16,7,7,15,8,9,228,10,24,8,9,9,8,7,7,118,100,24,7,12,14,7,7,18,13,10,215,122,16,18,15,8,9,9,13,11,16,107,9,14,7,116,7,9,336,18,24,57,30,8,693,19,64,67,79,67,64,8,61,7,68,7,11,9,16,25,232,86,119,75,7,10,18,12,14,10,8,14,9,12,38,8,7,8,7,18,115,8,24,8,7,17,8,7,15,7,14,121,6,26,7,11,9,13,6,12,11,8,19,20,8,15,9,12,12,22,15,9,13,7,11,304,7,26,9,8,8,9,17,20,18,48,201,39,8,17,16,11,7,7,29,8,12,7,51,15,16,11,7,12,12,7,7,11,17,7,7,8,12,8,16,7,8,9,54,57,7,10,62,54,54,54,52,56,63,56,54,8,16,19,76,17,55,11,7,12,11,6,14,17,7,17,19,6,7,42,22,10,15,33,16,8,20,17,8,17,13,7,25,7,17,23,9,93,9,17,7,9,43,20,18,7,90,8,22,8,8,22,9,12,82,10,12,26,9,7,14,7,38,7,26,13,7,13,7,15,15,8,15,8,7,13,8,14,13,13,7,8,19,7,12,9,7,9,18,9,44,7,13,20,9,16,64,16,7,8,9,12,103,11,10,7,12,8,7,12,7,7,95,13,14,7,210,13,13,8,23,12,17,21,47,9,22,25,9,7,14,9,7,26,12,7,30,7,27,22,8,7,8,14,8,14,8,8,33,12,42,9,15,15,15,15,9,12,12,120,14,12,8,20,11,20,10,7,7,19,8,7,7,7,11,364,15,10,8,14,15,9,6,15,15,9,31,9,31,9,31,8,9,42,9,9,10,22,23,7,7,73,7,7,15,15,7,12,15,9,9,7,10,17,7,7,9,8,17,133,16,19,121,45,83,19,7,7,8,18,12,10,19,16,9,23,20,10,16,8,7,13,16,25,8,8,165,51,9,124,118,108,83,104,12,16,8,15,13,12,17,12,167,22,8,22,7,7,13,8,10,7,0,33,20,21,7,13,13,24,70,19,7,25,9,19,27,22,25,7,7,22,9,7,72,7,7,11,7,10,8,8,7,11,7,17,9,17,11,8,7,8,7,7,12,11,21,17,83,66,7,72,8,42,8,36,46,11,8,10,18,62,43,14,14,10,22,52,101,18,10,15,15,8,13,9,15,15,15,15,10,15,10,7,91,15,7,7,8,7,7,32,17,20,7,8,89,19,25,7,10,15,8,20,13,28,16,7,9,23,8,7,7,92,25,13,18,11,8,14,11,17,10,8,38,48,20,7,31,16,11,18,8,10,8,8,48,11,7,31,15,8,10,8,8,14,243,8,7,8,7,21,14,8,9,29,15,11,11,10,9,10,8,7,15,8,7,8,7,9,8,18,46,24,11,13,10,8,18,7,17,11,14,15,561,6,33,7,33,33,7,7,8,7,8,23,31,17,34,33,9,7,7,25,18,31,7,15,31,7,16,12,15,6,31,79,11,35,8,21,22,15,96,44,19,18,9,7,8,9,6,9,9,7,40,14,34,17,44,19,14,7,17,30,17,7,17,68,19,45,305,8,7,8,7,46,76,15,250,9,24,7,9,7,10,25,8,7,17,18,16,7,17,20,28,18,6,45,45,45,7,17,7,17,7,17,45,22,15,18,8,12,6,49,12,18,16,16,7,124,79,24,7,11,10,25,26,16,14,11,16,18,9,7,10,53,53,53,7,55,54,54,53,53,61,55,54,8,11,7,7,10,11,16,94,17,18,78,9,15,11,12,6,22,9,28,19,7,17,22,9,19,6,89,11,17,46,11,7,75,8,35,24,31,24,7,8,250,44,98,7,7,30,9,16,7,8,10,44,49,10,11,7,14,70,7,9,7,18,13,10,18,8,42,68,36,46,11,8,189,10,18,61,43,14,14,15,15,15,18,11,21,96,15,40,155,15,20,121,10,27,19,8,12,9,16,23,13,14,10,15,345,7,12,10,7,7,14,7,21,8,37,21,11,7,18,13,11,11,31,9,16,20,9,15,15,15,15,15,9,15,8,7,15,28,11,14,8,15,9,8,21,9,8,8,15,33,9,8,263,16,53,26,71,99,99,99,9,64,42,8,53,25,24,7,7,110,7,9,17,9,21,8,13,20,19,8,700,16,43,8,31,68,16,18,9,8,8,18,29,79,13,266,127,7,41,7,48,7,105,7,24,51,8,0,17,15,20,33,25,10,21,80,23,9,17,7,31,7,23,11,8,9,7,12,7,7,17,14,18,8,7,15,13,13,96,358,7,8,82,119,118,119,9,11,9,8,9,122,23,14,16,57,14,12,7,11,9,7,17,11,7,7,10,64,17,15,7,9,19,8,12,12,9,8,33,115,7,8,55,7,7,8,8,12,10,19,10,17,9,21,21,18,24,17,31,15,12,22,15,20,13,13,9,17,26,16,17,11,16,92,30,45,12,18,8,7,9,7,7,16,11,13,39,21,149,33,17,7,8,9,8,35,7,30,18,12,21,13,16,11,13,12,22,15,16,21,16,21,9,8,9,10,13,7,9,17,7,249,17,20,8,13,17,8,7,10,20,20,9,8,22,9,39,10,10,10,11,7,8,8,15,9,16,18,18,8,15,16,9,12,9,57,9,15,15,15,15,13,15,15,13,8,13,15,15,15,15,8,13,15,15,15,15,15,15,15,15,8,11,46,7,40,7,44,7,7,106,7,43,7,8,9,7,44,7,9,11,47,47,8,40,106,7,101,7,103,44,11,39,99,18,43,80,99,67,7,33,8,80,46,63,9,7,12,68,17,110,46,7,107,7,41,7,46,61,81,7,107,62,108,105,108,106,106,43,106,67,7,39,7,8,7,8,7,46,65,7,7,111,70,67,110,110,111,92,35,7,49,8,7,79,106,8,134,12,94,27,37,9,7,28,20,9,46,47,28,9,22,7,9,13,13,10,8,20,10,15,30,8,23,8,84,8,58,53,8,8,226,8,7,31,17,16,85,8,15,114,9,9,30,7,11,23,8,18,8,28,75,85,60,33,25,30,23,13,8,8,78,62,33,37,16,36,8,8,84,84,8,10,9,63,9,7,24,7,8,7,17,282,9,8,84,16,9,7,47,8,24,31,8,10,11,7,35,8,154,35,8,10,8,17,17,10,36,28,54,7,7,15,7,84,37,8,151,13,17,98,16,48,16,93,19,7,9,8,9,13,11,7,8,12,14,12,9,9,27,20,20,19,8,38,7,8,18,76,11,8,43,43,9,9,9,31,9,31,9,31,24,45,18,8,11,14,6,7,8,33,16,31,9,7,17,8,11,33,68,7,13,11,33,18,10,32,16,10,11,9,15,15,15,9,11,8,7,13,8,8,17,11,14,15,33,14,33,33,47,11,240,10,60,230,7,43,23,13,40,24,23,8,9,18,18,14,18,13,18,11,10,16,11,9,19,23,7,8,7,7,14,11,7,17,11,21,16,9,98,8,20,23,7,127,30,16,7,116,8,9,80,51,265,129,10,18,9,9,25,9,13,10,14,8,247,18,7,19,10,8,22,24,11,8,11,15,8,7,8,7,15,7,7,31,6,7,17,7,17,11,7,7,18,8,7,18,17,15,9,37,15,9,13,6,39,26,7,33,8,8,7,17,33,7,18,23,7,15,11,7,17,11,14,17,10,10,17,7,41,153,12,7,8,7,8,18,15,9,8,13,29,158,33,17,7,7,7,7,17,112,18,15,8,21,19,8,13,19,11,11,15,8,9,8,9,10,20,7,13,13,10,7,8,7,13,18,39,8,10,26,7,21,11,9,9,7,7,7,17,45,9,22,11,13,7,9,7,34,44,14,11,8,64,45,8,8,8,12,23,9,7,9,12,13,16,17,13,12,7,14,9,20,13,7,27,24,24,15,17,24,21,14,15,9,24,14,9,9,17,9,7,9,13,13,8,9,14,8,7,53,53,10,28,11,10,177,7,23,23,9,73,8,32,117,10,7,7,10,9,15,8,51,14,210,199,12,7,8,79,22,11,42,972,8,9,7,17,20,8,7,8,20,19,14,9,13,20,19,8,17,8,22,15,9,19,11,7,14,15,43,14,8,17,27,7,7,6,23,31,15,19,20,17,15,42,16,42,15,42,68,9,19,24,17,8,42,10,16,42,14,12,42,17,43,13,8,9,18,13,18,42,15,40,42,12,9,10,31,12,11,7,18,42,15,42,9,10,12,31,11,9,8,13,10,25,22,10,9,8,7,7,19,19,32,9,6,21,22,23,35,6,6,35,31,6,21,7,19,42,42,7,42,15,7,11,8,53,7,20,7,15,17,9,26,32,11,9,31,14,9,13,32,14,32,13,32,14,12,12,10,31,7,14,9,12,10,32,13,32,32,32,8,31,12,7,35,10,32,9,9,31,9,32,10,9,9,8,32,38,31,14,9,12,37,32,10,12,16,14,16,12,8,173,19,22,42,7,6,7,42,7,13,103,11,8,109,48,14,8,8,7,30,10,8,7,9,8,18,9,7,44,23,8,18,17,33,14,18,8,7,10,18,17,9,17,16,14,19,7,13,17,9,7,20,27,17,164,293,85,11,8,46,67,7,7,240,12,12,13,9,23,34,31,124,7,15,21,8,65,39,17,86,7,24,16,10,8,15,10,15,9,12,14,15,15,15,15,9,471,349,18,17,13,18,8,8,16,10,16,20,29,17,9,217,294,8,238,166,238,229,235,10,20,7,13,13,14,15,20,7,10,10,9,18,13,14,15,7,8,11,14,9,15,14,15,7,8,9,8,13,13,10,10,8,21,9,19,6,7,12,14,10,8,7,17,31,15,31,8,7,31,20,7,32,16,9,8,9,11,119,15,21,16,8,8,7,22,10,7,13,17,47,8,61,107,36,16,20,40,12,16,35,23,7,13,13,45,90,13,8,205,13,13,7,13,7,7,319,9,7,7,15,8,7,15,8,7,9,8,7,135,8,77,18,9,17,9,7,11,9,13,8,10,7,9,8,74,87,9,8,10,24,10,7,11,16,12,35,17,17,9,28,8,14,42,44,23,10,7,12,7,8,7,12,7,8,7,12,9,18,18,15,10,19,19,19,13,8,7,9,11,7,9,7,59,24,8,7,10,7,63,10,52,8,14,13,12,10,12,12,8,21,7,8,7,7,7,11,169,17,18,16,19,17,18,14,19,17,18,14,19,12,7,13,7,7,8,13,18,27,27,27,8,14,9,16,11,11,7,7,8,7,16,9,12,38,7,9,18,44,17,7,11,23,10,26,7,9,17,9,11,17,8,8,7,16,10,17,11,23,26,18,17,11,17,242,19,22,26,17,17,19,22,26,17,17,19,22,26,17,17,19,22,26,17,17,19,14,7,26,11,12,11,8,9,13,9,8,7,19,9,18,9,18,17,7,10,19,19,9,8,26,19,242,19,18,17,19,21,19,18,17,19,13,8,18,15,16,9,24,15,9,8,15,7,7,17,16,9,13,12,9,8,9,15,9,15,9,17,9,16,9,15,9,15,9,33,29,10,13,32,23,8,9,32,116,63,10,29,11,18,9,21,13,9,16,16,17,17,30,279,15,30,30,8,20,76,15,56,7,8,21,10,609,8,133,8,8,11,17,13,9,8,40,8,226,53,58,58,8,50,58,49,48,54,20,12,8,7,7,40,35,18,58,58,53,58,8,8,25,40,35,43,58,58,8,568,40,18,8,58,8,18,9,8,77,7,40,10,9,76,289,12,12,9,14,7,10,10,40,18,8,7,7,44,18,49,56,8,11,15,15,16,10,19,9,13,14,10,14,8,7,16,23,9,22,10,12,11,15,7,20,16,7,7,9,25,10,9,9,26,11,7,9,9,8,19,75,15,7,13,7,21,7,9,18,9,11,14,9,8,8,7,8,8,8,8,9,17,17,9,8,11,19,14,7,10,7,15,7,23,11,7,10,17,16,8,8,415,7,18,7,8,9,11,7,11,7,13,15,14,10,15,8,15,10,7,13,13,7,7,7,13,7,7,8,16,8,15,8,8,18,13,13,14,14,16,15,15,15,17,22,16,14,124,7,7,8,21,24,29,21,22,21,8,9,20,8,34,21,29,45,32,21,22,22,8,21,9,127,21,148,8,16,28,24,24,10,15,8,4272,14,15,18,9,12,8,7,8,13,1569,352,8,112,15,165,67,105,17,7,7,15,18,29,17,22,49,17,19,34,44,38,21,24,21,20,7,17,15,17,23,38,19,10,21,21,10,7,7,545,10,8,9,35,20,7,9,10,12,10,15,827,8,353,995,7,109,138,10,237,113,113,163,279,113,281,9,9,8,7,10,8,91,14,8,36,8,12,119,7,10,30,7,30,7,7,36,36,36,36,8,7,7,900,19,10,23,222,25,18,2085,7,884,71,52,19,13,14,9,17,122,15,16,15,7,8,18,9,8,7,11,33,11,35,11,33,1604,11,12,244,401,8,11,16,28,27,7,11,7,7,384,8,12,12,7,57,2052,123,118,1438,12,422,8,101,8,22,13,7,22,29,7,22,13,22,8,14,22,13,22,29,22,13,22,13,22,13,22,13,13,29,22,13,22,22,22,8,55,16,8,590,14,350,15,179,12,8,72,89,312,7,956,7,61,7,9,8,11,13,82,8,11,8,14,7,14,11,9,8,19,25,9,17,8,10,9,19,7,25,9,7,9,7,8,9,19,8,11,7,12,10,77,455,7,748,172,11,10,7,7,15,11,8,17,7,7,7,14,7,9,28,7,19,10,15,7,7,143,8,7,45,8,7,7,10,8,8,10,8,27,7,10,14,31,9,16,14,7,7,14,7,1934,35,7,7,9,26,7,7,9,11,32,8,12,7,30,31,14,7,11,7,8,15,775,54,247,14,517,107,7,7,68,9,7,10,13,7,102,111,280,538,17,7,13,10,17,20,95,8,9,21,13,48,24,9,26,21,14,14,656,13,9,8,22,8,11,7,8,11,14,23,8,21,8,14,19,132,7,22,9,16,244,9,21,16,16,7,8,21,21,8,33,31,8,32,24,17,17,7,11,140,13,116,37,8,453,21,117,7,7,50,121,9,7,19,7,8,8,7,231,9,39,7,17,7,41,23,646,9,2249,108,8,14,17,218,1898,287,8,95,575,10,449,7,316,164,109,8,42,15,21,8,15,20,7,7,122,26,7,7,122,7,7,162,165,10,392,13,112,34,34,68,23,10,7,10,15,15,28,7,7,122,26,7,50,24,12,11,116,7,9,11,11,14,8,233,7,492,7,7,221,11,11,7,43,11,11,27,21,9,26,26,32,9,10,29,9,33,7,10,33,44,903,10,9,1233,109,8,14,18,865,360,11,10,8,11,11,80,607,541,15,16,17,24,335,8,100,55,33,9,23,37,10,66,8,8,10,8,333,13,125,7,18,10,51,18,126,7,7,42,10,7,6,35,9,7,7,11,15,13,1910,9,14,8,8,484,201,9,7,24,14,9,7,9,18,64,7,27,13,502,13,260,132,323,19,14,14,7,990,9,220,91,409,214,208,9,8,9,8,918,15,126,794,71,59,342,328,271,8,7,8,7,7,10,8,9,118,7,640,18,688,329,47,59,141,344,614,7,111,8,62,7,7,115,8,82,111,80,80,12,40,115,83,9,84,117,9,344,84,78,101,95,82,111,117,114,82,125,79,9,118,81,80,82,117,61,62,63,63,70,85,83,82,103,85,99,116,62,84,63,85,101,101,68,103,85,38,42,101,85,109,102,85,81,101,36,103,12,116,116,12,19,20,566,448,117,252,9,255,117,79,8,19,53,56,74,78,15,84,109,119,109,125,94,80,74,124,79,82,80,84,109,124,82,117,120,68,35,110,127,109,43,76,116,50,102,85,102,118,100,102,107,68,68,33,43,76,116,51,116,116,110,110,116,110,116,116,39,38,10,2502,78,439,92,15,7,11,11,8,26,10,11,11,17,11,7,14,41,105,122,54,117,7,9,44,9,123,14,116,169,17,11,10,18,22,8,585,219,24,8,101,103,65,46,103,103,102,102,103,101,9,17,698,20,11,61,20,9,8,334,25,9,8,8,70,84,97,8,16,13,13,8,9,9,9,7,7,10,9,11,7,7,108,7,8,20,10,9,7,8,235,14,31,7,7,8,19,7,17,9,16,8,14,11,12,8,10,8,9,9,9,8,11,7,7,228,8,27,46,16,8,180,128,206,14,44,111,8,12,8,7,7,7,15,8,7,13,9,15,8,10,9,9,14,179,7,21,8,7,18,7,8,8,8,14,17,8,173,223,114,8,36,30,57,7,66,20,8,45,11,8,10,12,10,9,12,8,14,9,9,8,35,8,14,242,10,19,206,15,112,15,9,17,8,15,11,118,7,128,13,8,8,18,7,16,7,11,8,63,27,11,114,7,7,12,14,10,19,12,30,16,7,8,22,11,8,30,92,12,20,13,25,456,457,454,43,10,9,78,7,8,12,9,8,7,58,7,119,9,18,9,7,123,9,9,47,15,224,112,15,12,129,123,25,11,8,8,15,10,12,8,9,22,13,35,128,10,478,107,7,69,7,34,21,7,7,8,18,7,9,14,235,20,251,15,9,121,30,42,15,133,1282,8,34,8,13,87,221,235,20,109,82,7,20,24,27,20,22,28,30,15,18,455,95,699,15,7,7,67,80,7,8,7,68,68,9,61,17,101,8,226,124,119,8,9,7,7,10,11,9,10,9,14,7,10,68,10,39,16,10,2905,234,7,23,334,7,8,1637,8,25,96,17,8,8,12,7,12,11,14,9,50,7,10,11,478,8,11,7,105,651,74,291,7,19,14,48,23,35,13,10,9,120,7,12,9,7,601,12,16,7,30,555,7,55,53,53,59,62,56,64,65,55,8,313,415,1255,7,8,7,7,10,68,8,25,8,17,7,7,30,22,13,443,39,14,20,128,7,21,7,186,11,16,7,119,7,15,8,7,17,8,14,7,15,9,7,134,15,7,10,582,102,54,43,43,7,16,7,252,17,11,7,28,10,7,9,82,7,14,7,14,12,286,8,60,8,164,78,214,8,8,10,23,12,14,15,12,103,41,168,9,26,17,14,7,23,16,20,7,196,17,8,75,7,567,10,28,19,31,190,20,9,17,117,15,9,61,115,11,20,10,8,1062,115,9,54,15,11,15,12,8,424,123,35,7,15,31,31,8,10,21,7,7,27,15,7,12,9,12,7,8,110,8,92,8,8,104,104,14,19,8,18,12,8,50,11,12,21,20,8,7,8,26,12,8,9,9,341,8,96,7,7,13,105,20,8,19,8,7,8,8,185,116,106,108,108,79,68,10,8,29,22,9,26,7,16,12,8,11,51,7,21,78,38,24,16,10,30,7,128,20,7,24,13,13,24,24,19,32,28,7,249,17,43,63,249,10,122,19,8,22,7,15,13,17,7,13,189,7,10,7,9,10,11,10,14,7,10,9,105,10,15,14,259,24,56,22,172,14,106,21,8,18,14,21,13,7,13,15,16,16,10,15,15,206,121,766,32,15,7,90,120,8,7,50,31,14,7,1014,462,100,7,32,43,8,19,15,9,18,12,8,560,116,9,13,8,13,25,7,16,19,29,27,10,8,25,9,9,27,10,9,24,9,8,8,16,32,12,7,10,8,93,25,9,53,9,84,8,8,15,8,15,7,7,18,16,1081,8,118,7,116,233,761,6,7,18,7,7,7,8,52,33,7,175,7,122,174,7,79,11,49,13,135,7,338,117,200,250,7,33,9,7,9,34,7,7,34,34,35,25,279,13,17,249,13,9,13,30,9,20,227,20,32,20,8,212,22,129,8,194,1052,8,16,7,53,53,8,11,1018,299,46,499,26,7,7,11,9,7,7,27,17,9,337,7,8,22,7,250,44,7,72,9,48,37,406,10,1262,70,595,33,17,1696,56,18,43,446,34,749,17,11,207,79,21,552,413,12,26,18,18,18,25,10,8,23,16,8,7,14,13,13,8,13,8,23,11,19,16,7,11,11,8,14,15,7,8,112,7,7,13,16,117,13,16,344,230,15,3701,9,1266,321,2375,9,689,8,79,9,64,28,13,24,19,7,7,9,9,11,19,1365,56,318,236,8,68,16,8,7,29,13,141,7,14,14,44,63,7,24,51,9,160,13,97,17,82,23,25,45,33,7,23,11,8,9,30,14,22,11,18,16,15,99,590,68,102,116,28,42,315,772,342,11,10,737,16,17,12,20,7,10,39,11,7,15,9,10,24,13,13,220,7,16,17,225,228,102,345,11,33,160,7,25,17,9,22,18,28,24,8,12,8,22,10,12,8,9,8,7,21,8,10,7,16,7,16,9,24,19,14,7,13,11,17,8,17,8,22,17,8,7,17,10,17,12,11,15,35,10,10,11,7,8,8,29,7,18,34,197,10,41,17,112,16,15,7,121,16,97,13,16,16,7,15,7,13,15,16,7,7,16,15,7,13,16,223,101,344,8,27,42,7,29,70,106,7,28,106,7,103,7,78,12,46,7,79,7,106,11,49,7,7,41,7,13,7,7,7,106,107,106,104,115,107,118,106,43,8,80,99,7,39,7,59,33,7,71,76,7,99,111,112,12,49,31,111,40,8,7,18,8,237,7,8,1218,28,9,48,50,8,35,33,21,7,29,13,12,624,42,8,21,108,26,15,8,35,15,8,15,10,8,179,16,383,9,25,30,7,8,7,11,8,11,12,8,7,376,16,86,31,33,8,8,7,19,20,14,13,8,18,88,8,27,8,31,40,7,46,8,7,19,13,20,16,8,7,84,7,9,110,16,30,7,8,8,17,15,52,30,10,10,92,8,33,9,7,15,32,34,9,30,10,17,10,7,30,7,10,14,36,51,10,11,87,10,9,7,13,8,16,8,51,16,30,22,7,14,13,7,9,17,7,11,14,23,9,11,17,1000,212,8,209,7,31,31,8,33,31,17,9,9,9,11,31,7,9,16,31,31,10,13,15,15,16,111,8,7,11,7,15,12,8,7,11,8,36,10,33,11,13,164,13,15,15,154,10,8,15,21,18,15,7,19,18,15,7,8,9,18,14,21,26,21,16,7,9,98,161,50,26,634,40,11,789,16,128,8,11,11,19,17,15,11,364,11,15,8,15,7,14,7,14,21,8,17,13,7,8,8,17,104,8,7,6,47,33,7,11,7,17,17,11,17,110,15,7,278,302,8,8,282,339,7,7,15,10,10,148,44,7,7,44,11,20,8,12,17,11,7,32,11,8,10,10,7,11,9,8,10,18,14,10,10,8,10,7,11,7,9,11,22,8,7,246,8,9,32,13,118,328,851,8,118,355,21,37,21,14,105,111,7,15,7,9,227,202,2770,7,7,139,7,23,60,11,174,27,10,15,57,48,7,7,275,8,61,79,23,44,523,11,23,8,11,23,7,175,14,8,8,120,8,206,12,7,8,8,7,33,6,33,7,106,104,8,16,7,107,68,9,10,62,8,60,7,10,8,8,17,7,8,107,105,102,11,8,31,202,1064,8,12,9,31,7,8,9,25,41,7,23,10,31,68,7,35,17,7,42,7,117,334,10,13,8,0,11,10,31,13,13,8,32,13,32,7,31,13,10,16,7,10,32,10,32,11,32,14,9,12,8,12,31,9,11,9,7,8,32,14,10,44,7,125,9,7,1324,42,42,9,161,15,24,82,12,93,8,9,8,49,16,7,7,15,97,8,7,15,7,14,19,7,8,328,53,824,14,164,8,11,197,11,7,15,21,135,27,12,186,8,10,7,10,94,280,225,15,62,43,7,458,125,13,155,26,8,118,86,8,110,10,16,110,60,8,22,24,162,169,157,166,74,591,235,10,14,447,14,80,17,8,16,25,7,8,7,7,22,19,8,18,8,8,10,207,10,7,9,31,34,8,31,16,11,11,702,12,718,25,234,10,16,961,27,358,8,34,257,13,167,18,16,8,15,26,166,15,7,15,9,7,35,20,8,15,8,16,9,8,9,113,81,12,109,102,14,443,153,17,138,120,517,12,91,225,17,13,404,7,8,321,220,24,149,14,11,8,16,60,7,17,19,22,26,17,17,19,22,26,17,17,19,22,26,17,17,19,22,26,17,17,19,22,26,17,17,19,22,26,17,17,19,14,543,19,18,17,19,14,493,19,18,17,19,26,19,18,17,19,169,247,56,9,16,16,965,12,390,58,216,9,15,117,919,8,196,16,158,215,17,17,273,108,44,118,9,8,625,9,8,99,16,279,9,14,17,16,9,17,108,1697,229,360,7,8,21,56,8,120,9,7,8,58,58,8,7,77,473,8,9,8,77,7,10,9,76,313,12,9,203,149,308,7,14,8,17,502,7,52,179,8,14,155,209,307,7,341,9,7,15,7,9,11,28,8,17,800,206,102,40,9,25,9,7,17,19,9,30,7,122,7,13,20,14,7,15,7,7,21,24,7,16,7,8,10,7,9,7,7,8,8,9,7,9,7,11,8,21,397,8,24,8,11,7,20,9,7,11,12,7,16,118,10,17,15,8,26,15,8,45,13,27,14,18,456,7,201,9,7,1822,32,21,7,18,39,8,105,149,136,21,24,24,10,1174,7,7,4208,7,13,8,2520,18,8,7,8,21,21,7,8,18,23,10,21,10,15,18,7,3664,586,8,36,10,9,20,9,10,15,8,12,121,1492,60,92,7,109,26,10,12,274,283,11,448,120,329,126,7,10,7,36,36,21,36,745,14,13,12,18,2175,9,11,449,13,262,56,125,15,16,7,208,32,7,406,22,7,17,13,28,7,705,105,12,13,79,2829,161,2177,240,419,8,101,22,22,29,22,8,13,29,13,29,13,29,22,13,22,29,22,13,22,29,29,105,17,13,13,8,8,55,39,17,410,14,245,13,224,92,7,344,353,7,2060,27,7,209,27,8,8,457,11,16,8,16,7,0,7,17,9,16,29,8,11,77,456,7,10,21,7,16,8,12,7,19,7,3527,145,7,7,8,8,13,13,10,31,9,52,11,7,14,7,1868,25,8,15,18,25,7,7,12,15,7,7,8,23,10,9,8,11,7,130,9,7,8,69,8,8,16,7,8,8,16,8,10,11,7,30,8,18,8,7,9,11,7,9,7,7,8,9,7,9,8,15,7,8,8,17,21,8,8,8,19,7,50,9,9,30,10,36,12,7,52,10,33,1664,889,301,14,517,7,7,42,37,227,493,111,475,17,13,17,20,10,9,15,14,17,14,546,13,13,11,10,443,8,35,8,21,8,8,16,15,17,9,8,7,27,14,34,19,32,7,39,34,9,17,17,12,88,21,8,138,8,356,22,28,7,7,13,9,15,18,235,40,9,39,91,17,7,1683,789,9,2327,108,8,10,221,2011,11,575,11,744,109,8,1009,42,262,13,28,7,122,119,28,166,384,112,34,68,23,17,9,7,9,28,12,11,9,178,19,3684,7,340,7,221,12,9,39,21,14,7,32,9,32,9,10,10,33,17,903,10,108,749,251,18,831,360,11,9,11,19,98,919,543,15,16,17,24,335,8,186,7,129,89,66,25,8,25,10,13,1567,11,436,239,7,18,10,51,18,121,7,105,6,35,0,9,7,10,15,13,216,333,17,502,23,14,7,19,7,13,25,111,13,490,13,19,14,521,8,1597,13,9,908,15,70,391,71,114,1929,438,550,0,16,10,7,110,18,685,272,111,7,115,11,190,451,5,79,7,7,63,8,80,41,8,118,115,80,80,109,116,118,47,11,124,116,64,124,60,118,101,85,37,85,62,37,84,78,12,38,26,113,115,101,68,103,116,12,19,7,20,106,14,17,494,117,117,78,62,77,8,8,78,79,18,53,84,124,63,13,103,9,15,120,63,42,130,63,42,12,66,7,60,50,46,116,110,12,116,116,39,116,107,10,9,8,12,21,533,11,7,16,7,11,19,8,134,105,8,9,141,62,7,7,9,544,126,27,116,7,572,110,19,100,7,8,101,103,102,103,102,102,103,102,1473,7,1149,182,846,334,93,113,9,119,98,8,97,42,13,11,12,11,18,13,10,10,13,22,11,18,17,8,81,233,7,7,7,9,14,8,326,17,17,16,8,11,9,121,18,230,21,150,96,181,128,87,238,8,8,25,12,7,7,12,9,11,7,7,16,9,7,8,7,8,13,7,7,9,244,8,7,9,10,7,11,8,8,17,448,8,9,7,8,36,27,38,10,7,81,100,30,31,161,31,8,8,7,8,14,119,8,19,13,8,15,7,20,8,14,9,21,16,58,7,7,9,8,202,66,18,18,7,7,14,442,315,62,8,88,8,8,7,16,59,16,7,8,8,24,287,8,13,7,8,20,12,30,12,9,24,25,25,562,455,47,48,884,9,133,7,118,26,7,120,27,7,11,7,121,31,246,26,33,11,8,118,29,7,10,8,9,348,236,92,11,7,7,45,7,9,8,7,7,230,683,235,14,8,9,133,1125,31,16,7,8,453,109,107,91,326,22,12,20,7,29,22,28,11,7,15,19,12,110,693,7,7,7,7,9,61,7,280,338,9,8,119,9,8,13,7,211,18,13,16,431,10,119,2954,14,8,222,234,606,388,7,1680,8,32,29,14,12,12,7,8,14,7,11,541,8,11,263,33,23,14,17,8,178,7,7,19,555,9,53,7,54,54,65,59,55,54,8,369,337,64,8,1045,7,14,8,68,25,85,7,7,30,22,13,308,128,7,9,263,8,7,142,7,15,8,17,10,8,8,230,15,472,15,232,25,22,7,22,27,15,13,20,9,17,70,7,12,7,481,8,17,7,8,15,247,1484,17,13,12,105,15,23,192,20,27,18,17,78,545,111,840,37,115,117,15,41,20,8,15,145,15,578,33,8,31,31,10,7,11,9,128,8,531,8,8,56,7,14,118,16,27,8,12,25,29,13,11,8,12,23,20,8,1272,8,14,10,8,7,341,8,20,14,8,7,9,9,15,7,13,15,16,8,15,26,8,8,185,130,112,104,83,79,7,18,27,8,56,7,36,7,18,13,12,22,22,9,10,16,10,30,7,24,39,273,19,28,47,7,249,43,89,249,209,8,10,49,10,12,70,7,9,18,13,9,11,10,113,7,13,15,424,56,127,13,13,8,16,21,8,7,81,115,206,121,852,117,15,32,120,16,26,8,1117,336,76,587,20,44,14,22,15,9,10,0,511,115,13,93,7,16,27,18,10,10,9,18,675,352,26,8,15,7,8,8,9,12,229,9,341,7,10,10,9,7,9,11,17,8,17,14,813,40,39,16,1006,8,125,7,7,204,761,6,43,8,52,192,175,43,79,21,7,224,117,199,7,23,15,37,37,34,7,9,7,34,25,279,60,175,35,249,9,7,8,30,20,227,20,32,20,8,16,233,22,73,8,1454,8,7,53,56,64,54,61,55,52,53,8,320,46,499,26,13,77,7,7,42,9,350,25,7,8,39,42,89,42,9,51,37,451,10,8,1262,133,263,640,11,1751,56,18,43,15,77,11,38,661,414,10,13,18,22,20,13,16,11,16,10,7,8,17,7,13,13,7,11,14,12,12,112,7,7,13,16,117,13,13,343,561,15,7,15,689,8,9,26,9,7,19,2423,399,811,35,8,68,8,29,13,141,32,43,9,270,21,13,97,23,44,23,10,9,11,16,15,96,591,275,300,116,772,17,736,16,8,12,20,11,24,7,13,7,18,14,7,22,8,96,21,225,228,102,7,24,33,17,22,18,22,21,13,12,13,13,153,17,7,7,7,14,9,22,9,9,16,9,14,15,17,24,15,8,16,8,22,15,11,17,10,11,16,14,8,14,9,7,10,10,10,10,11,29,31,161,213,104,41,8,7,13,7,122,16,7,16,120,59,59,15,16,7,7,16,16,13,16,223,7,43,84,25,7,48,28,36,43,64,12,33,7,79,7,79,37,106,11,7,12,107,43,106,7,8,10,17,110,7,12,43,7,80,13,7,106,7,107,107,107,106,69,8,80,101,7,7,43,99,111,7,10,101,31,8,99,101,37,40,8,7,1605,2421,8,1245,16,51,40,40,28,8,35,43,35,29,43,23,24,43,12,802,42,466,115,10,7,1586,11,108,86,8,42,10,16,8,453,25,7,19,16,8,31,14,7,30,8,7,20,13,8,9,16,13,8,7,9,50,8,17,7,9,10,13,16,43,15,7,51,20,17,8,22,17,8,9,10,54,14,10,8,8,27,7,20,15,33,32,32,10,7,8,7,10,7,17,65,8,183,13,8,16,27,8,15,30,36,233,8,7,14,7,21,7,7,99,30,17,1131,8,282,33,8,7,34,9,31,12,11,9,7,36,16,68,16,15,16,787,8,18,8,9,172,9,9,33,11,13,15,254,16,8,7,19,16,11,7,9,68,15,14,7,7,9,9,9,13,17,9,10,7,9,160,26,518,40,784,16,106,25,14,22,18,14,17,615,9,9,14,126,14,14,16,7,8,8,8,6,9,8,7,7,7,7,17,42,102,278,283,226,7,7,361,10,148,44,7,20,15,11,19,18,14,7,43,12,7,7,25,17,7,14,43,11,16,9,20,14,10,11,8,9,27,46,7,8,11,16,207,21,13,32,13,568,118,1029,854,127,355,105,111,115,688,443,202,1878,54,50,7,11,137,7,21,183,27,10,15,54,86,79,11,1176,194,23,7,172,8,945,127,202,7,8,8,35,6,33,19,33,21,7,105,8,104,50,8,7,107,8,8,17,7,8,106,105,103,107,8,13,17,9,10,31,97,6,35,103,42,7,117,332,14,8,8,0,11,11,13,10,32,11,13,10,6,16,206,32,38,38,8,12,32,14,44,31,126,7,32,1783,42,7,9,277,661,97,12,76,198,8,100,8,33,8,16,8,52,8,833,14,121,266,15,112,280,121,7,225,378,108,2532,1291,223,13,162,129,85,52,110,10,15,110,17,40,9,229,8,162,239,77,379,235,10,128,556,14,15,8,13,7,7,7,7,8,7,7,10,181,9,16,11,663,7,26,36,953,465,41,7,257,114,18,16,167,15,10,15,8,15,7,7,13,10,16,8,8,8,8,855,227,102,14,443,234,520,7,223,1032,221,20,235,51,7,322,24,149,10,215,7,16,115,7,17,19,8,7,22,26,17,17,19,7,22,26,17,17,19,22,26,17,17,19,22,26,17,17,19,22,26,17,17,19,22,26,17,17,19,14,19,19,18,17,19,14,315,19,18,17,19,21,19,18,17,19,18,133,17,669,391,559,200,16,341,476,116,17,11,11,108,41,15,127,11,823,521,43,31,279,9,208,117,306,104,2222,79,7,7,8,26,76,120,2740,8,7,9,23,9,76,879,9,10,126,16,306,16,12,12,18,484,7,108,16,8,14,8,60,1632,7,10,33,9,7,17,228,11,469,17,9,9,30,11,130,7,20,7,15,7,15,7,9,18,7,7,18,7,118,11,12,7,304,9,7,7,7,10,15,8,14,18,513,1920,200,9,1564,130,19,18,8,125,102,18,18,21,24,13,7,8,7,10,2465,8,7,16,21,21,161,10,21,121,8,7,3088,587,8,36,13,20,11,14,353,22,10,12,29,12,281,6,448,132,7,10,7,36,36,36,36,850,18,2322,7,11,11,538,239,13,294,15,16,32,24,829,16,27,883,840,12,13,3026,70,10,2594,658,305,22,8,29,22,13,29,13,29,13,29,13,22,13,22,13,22,13,13,22,8,739,677,16,14,352,1235,86,627,7,924,7,711,457,0,7,12,9,15,8,77,15,8,455,7,16,7,11,186,10,13,9,13,9,9,66,9,7,1636,34,7,29,8,31,34,8,7,7,8,27,17,7,7,7,7,8,9,7,8,8,11,7,9,10,9,8,23,8,18,19,21,8,7,7,8,8,13,7,7,11,15,8,11,8,10,7,66,7,60,7,7,8,10,11,7,36,7,9,7,15,46,102,32,1687,262,14,12,517,7,7,226,111,17,13,14,14,648,11,10,457,8,35,8,21,31,23,17,13,8,19,7,9,17,17,524,7,21,116,18,7,13,9,21,18,17,7,845,1132,108,8,10,602,1998,25,164,63,11,404,53,8,10,42,8,243,10,7,7,205,748,34,7,7,12,7,19,174,338,19,9,32,31,17,9,6,19,33,770,108,791,252,860,775,28,98,919,543,15,16,17,24,15,66,11,7,25,10,440,11,394,237,18,10,51,18,117,7,105,6,9,7,7,15,13,1910,859,19,7,32,13,502,13,19,29,520,1637,66,17,966,15,126,71,115,10,7,110,18,688,272,111,96,238,5,10,66,110,115,7,64,14,132,84,83,8,126,111,120,23,7,115,34,124,81,81,8,62,80,60,79,117,83,81,101,111,82,37,79,101,83,81,85,27,37,82,85,7,37,116,8,32,12,256,81,8,117,7,139,8,20,12,22,71,8,79,69,37,128,84,109,9,125,62,81,142,54,39,112,109,9,116,10,116,110,116,116,107,10,162,21,491,11,7,12,3,134,7,106,75,7,8,8,9,8,7,9,2481,167,112,116,553,117,8,32,90,103,79,103,103,103,102,103,101,416,1253,7,46,130,927,277,103,115,66,8,99,100,662,7,16,11,2,7,8,13,9,16,11,7,226,22,10,21,7,98,239,7,35,14,769,27,7,11,8,116,13,557,449,330,150,72,8,121,218,8,8,239,87,8,87,84,101,24,24,7,7,10,9,7,9,10,10,7,17,9,8,13,7,425,8,9,8,12,21,369,224,12,108,8,8,7,8,9,57,57,34,66,25,13,7,100,8,492,13,11,11,36,8,7,7,8,20,13,18,8,203,11,14,717,105,13,48,117,9,9,8,8,12,7,7,13,384,7,313,113,674,7,9,8,23,7,8,564,8,7,10,27,12,12,7,133,7,11,589,1696,8,9,453,8,857,128,116,7,123,24,122,14,11,109,111,91,10,1000,8,120,7,11,24,22,924,7,48,11,8,7,8,240,683,341,8,7,43,65,78,313,198,1138,834,15,9,10,551,140,216,452,458,27,24,208,19,693,61,61,67,8,7,334,340,8,7,8,119,12,2693,13,22,7,433,10,119,3012,222,12,1726,1603,193,2727,26,7,655,302,93,13,17,248,7,15,13,11,26,556,26,9,7,54,54,60,61,8,64,60,8,7,320,229,1127,7,8,23,25,7,23,22,13,2136,311,15,7,8,230,122,10,9,19,274,11,7,388,214,134,7,1205,246,17,243,8,7,23,22,23,511,9,567,727,37,117,15,20,15,15,707,33,8,34,10,11,128,8,131,8,105,7,14,411,11,326,24,19,341,8,15,17,15,15,118,112,102,105,101,242,8,14,13,10,385,39,272,28,249,249,7,10,108,16,7,107,161,11,7,7,7,107,423,56,129,15,7,13,8,13,13,116,115,8,487,313,15,7,118,46,17,32,1115,471,642,13,15,9,9,0,567,115,8,9,28,7,8,10,12,93,8,25,13,27,7,44,12,10,8,9,8,10,9,9,12,640,8,1008,16,1248,9,136,7,64,360,9,761,6,43,13,54,23,43,79,233,340,117,199,7,7,9,119,9,7,48,279,249,7,9,9,20,225,20,32,20,9,7,34,224,22,69,8,230,8,20,7,53,55,53,53,54,40,8,70,8,57,55,7,298,46,499,7,8,7,7,42,9,212,350,7,23,51,365,10,1262,231,223,638,21,42,18,43,406,84,11,14,18,498,29,19,26,27,14,8,7,13,13,7,10,10,10,16,10,10,10,19,14,16,11,11,15,8,13,103,7,7,13,16,13,344,15,15,689,8,9,9,7,19,2530,937,90,79,74,184,9,270,13,97,19,7,11,16,15,14,264,745,1103,356,116,772,17,736,16,8,78,8,11,13,7,10,18,11,11,96,133,17,225,126,332,7,24,17,9,17,12,8,22,19,19,10,21,7,21,10,7,13,9,8,9,14,7,17,8,8,8,16,9,8,17,7,17,10,17,13,7,11,7,10,15,7,31,218,202,99,41,8,7,7,16,16,7,16,13,115,15,114,116,115,16,7,16,65,223,7,28,106,104,49,12,106,113,7,7,117,7,106,117,107,107,8,43,10,23,92,60,37,7,111,111,114,110,7,8,31,8,23,23,8,7,8,15,7,58,42,1547,2477,8,1218,40,40,40,8,35,43,36,27,12,1141,42,21,86,8,25,8,25,9,8,408,10,7,13,8,11,9,86,8,33,14,110,34,7,8,10,9,9,16,103,8,36,45,7,47,8,9,90,16,13,7,8,7,86,8,7,7,51,20,17,158,9,10,8,10,8,8,11,7,9,9,16,30,16,8,27,7,46,8,108,80,15,33,30,8,18,54,29,118,7,8,12,12,7,16,17,971,1415,254,33,34,9,17,11,12,11,7,17,10,117,15,16,11,8,38,85,9,34,10,9,10,23,15,14,7,7,8,10,8,27,16,7,9,162,26,549,40,801,16,113,11,11,23,558,13,14,128,14,17,11,20,8,8,44,6,35,7,7,17,42,102,278,338,345,7,358,10,148,21,11,8,23,19,23,17,9,9,14,7,24,9,17,7,9,21,11,7,13,250,43,8,8,7,44,11,9,46,7,21,7,7,206,21,13,32,13,568,118,856,127,354,7,6915,111,59,742,433,101,1875,7,52,55,15,139,7,21,183,27,10,15,57,79,9,9,11,261,8,8,902,128,202,8,8,35,6,33,19,8,105,107,8,108,8,8,17,7,8,105,11,16,20,31,6,35,42,7,14,8,0,14,13,9,32,11,13,9,11,13,10,6,16,206,38,38,11,32,14,126,1322,42,42,277,619,272,114,13,8,100,8,32,8,53,833,14,121,386,160,7,225,108,2418,94,57,13,946,30,676,12,10,15,110,8,154,169,169,223,537,10,279,542,14,15,8,7,11,244,9,702,464,8,1124,466,341,18,16,88,15,52,32,15,16,15,86,226,102,14,507,237,517,165,110,113,241,51,7,1423,24,148,10,215,16,115,7,16,19,22,26,17,17,19,22,26,17,17,19,22,26,17,17,19,22,26,17,17,19,22,26,17,17,19,22,26,17,17,19,14,19,19,18,17,19,21,19,18,17,19,21,19,18,17,19,18,8,12,808,221,574,344,42,126,11,681,118,8,30,9,355,341,48,2447,8,24,76,119,1185,7,73,23,7,8,7,9,8,9,29,15,314,7,13,225,13,9,13,9,10,61,10,54,
14,13,22,9,17,9,17,14,15,16,18,10,16,8,17,16,9,98,25,98,22,8,8,17,16,20,11,9,44,30,24,9,40,45,11,59,11,22,8,16,9,98,16,98,38,45,16,33,19,39,11,90,9,11,22,21,16,12,3650,17,9,62,56,9,62,46,76,59,10,51,26,52,59,15,11,13,13,11,13,11,10,129,9,19,15,9,15,16,16,8,11,267,29,53,50,21,17,9,16,9,27,15,62,24,9,27,15,55,24,9,27,15,8,26,11,8,114,76,16,10,24,19,15,249,15,9,30,8,8,76,17,9,11,42,42,8,11,8,11,8,11,8,11,8,37,8,83,8,83,8,83,8,83,37,37,37,37,37,37,37,37,37,37,37,11,9,8,11,8,42,8,9,11,19,17,17,51,19,18,14,14,10,20,8,15,21,23,11,16,19,23,10,18,10,8,9,34,19,17,128,7,43,162,11,10,8,23,45,43,8,7,8,43,43,8,43,43,8,8,43,8,43,43,7,43,14,14,15,15,10,16,14,14,17,16,14,9,9,9,26,9,18,9,18,9,8,8,16,12,23,72,9,17,12,10,16,8,29,24,35,20,18,8,11,9,85,15,15,16,8,10,18,8,8,9,75,75,11,138,239,17,84,9,23,13,8,23,30,23,14,23,14,8,23,30,23,14,8,23,14,8,23,14,23,14,8,23,8,23,23,9,577,19,15,10,16,15,15,8,8,21,18,16,14,15,13,18,13,76,16,15,19,17,23,8,19,12,8,10,15,13,31,17,12,8,9,22,11,9,8,17,9,10,31,9,13,36,19,9,10,10,19,9,10,16,9,15,19,9,10,11,10,14,23,20,9,8,12,9,9,9,12,12,18,10,10,13,10,24,20,8,12,9,11,12,8,13,21,10,23,11,19,11,21,9,15,9,11,19,15,10,17,19,8,14,8,18,19,8,8,9,8,12,12,9,8,8,8,15,40,30,20,8,8,18,26,9,14,26,13,8,12,14,20,9,9,20,8,9,28,8,17,9,14,11,12,8,24,12,8,23,9,8,11,9,9,24,10,16,15,8,12,8,15,8,14,8,19,8,12,8,17,8,14,8,71,35,8,8,12,8,8,8,12,14,43,9,14,8,28,8,15,8,25,72,8,15,8,8,14,8,8,10,8,11,8,16,18,10,10,9,81,19,32,15,19,9,8,9,9,13,7,11,17,15,0,18,23,43,69,17,18,43,8,8,43,32,26,18,43,8,9,22,10,19,19,10,14,8,8,27,12,15,18,13,10,27,40,13,18,41,23,59,9,8,35,9,38,8,27,55,8,9,36,81,15,17,13,15,13,89,22,14,12,14,17,15,8,22,14,11,8,8,18,17,21,9,33,22,8,8,21,49,9,18,25,10,9,8,35,9,18,33,14,168,21,8,17,16,14,24,9,9,13,20,22,10,33,8,17,8,16,9,22,22,9,8,68,16,18,10,18,18,23,8,18,18,17,8,31,24,17,8,22,24,31,10,58,11,10,8,10,125,10,16,12,8,9,9,8,8,9,31,10,8,21,9,20,24,46,32,7,8,32,8,20,8,16,10,14,14,14,14,10,8,22,9,93,120,113,113,11,18,23,16,18,8,10,8,17,18,11,8,19,8,8,40,9,9,11,9,10,11,11,9,10,10,22,15,8,64,15,8,15,12,556,127,11,17,8,8,8,22,13,53,22,239,19,8,15,32,10,10,204,14,43,16,10,22,17,10,89,10,106,8,9,8,93,104,8,9,8,28,8,24,9,10,121,12,25,10,32,13,32,69,19,10,10,9,19,11,36,14,8,10,8,106,8,8,9,8,123,10,33,13,8,44,44,8,10,10,18,15,10,15,122,11,13,8,9,9,12,8,12,9,15,10,8,22,10,18,44,44,7,10,10,9,18,10,37,30,10,9,7,10,11,6,8,18,7,45,10,14,8,8,22,10,14,17,27,8,12,12,11,9,34,449,11,8,11,16,11,9,29,12,81,122,23,16,16,33,16,17,8,18,8,11,9,9,9,16,126,9,96,17,19,10,19,24,8,59,19,67,10,8,9,9,9,8,9,9,24,14,9,8,20,14,9,8,26,9,8,24,20,8,152,8,11,25,12,86,47,8,99,24,10,39,26,8,13,28,8,25,16,16,11,20,8,12,8,52,20,8,20,8,8,8,43,17,21,9,10,22,7,48,10,15,8,8,8,12,16,14,9,19,10,8,9,19,494,9,8,13,9,14,14,9,19,8,8,12,8,13,47,26,15,24,13,75,26,10,19,8,8,16,16,75,26,32,15,16,9,8,11,19,8,16,17,17,19,47,0,253,14,16,10,14,14,14,26,8,30,15,19,24,10,9,9,10,28,10,16,15,10,16,16,10,9,8,9,14,10,23,8,9,41,10,12,16,10,125,8,17,8,80,116,112,81,116,112,12,22,8,87,35,119,101,8,43,116,85,115,125,85,117,87,85,83,13,109,127,110,85,81,18,8,117,35,80,81,118,118,9,71,84,82,103,101,86,113,101,83,106,103,102,110,80,85,102,113,103,78,104,87,86,37,79,102,86,86,38,103,86,81,82,87,117,13,114,61,104,13,62,117,117,13,9,21,20,15,43,95,118,11,33,17,115,83,110,78,62,81,116,63,79,13,87,110,80,56,86,88,109,118,106,116,95,85,55,131,84,138,110,137,95,119,104,118,96,10,69,86,86,77,104,128,103,86,103,129,103,108,102,101,118,55,43,118,56,44,114,77,70,86,56,111,56,56,111,111,56,117,117,117,117,40,117,117,11,571,8,132,114,12,12,15,12,35,9,12,13,18,12,9,17,8,9,36,36,30,20,22,9,24,53,24,142,14,18,13,9,9,16,16,9,9,9,9,86,105,104,104,104,104,103,104,104,103,104,17,81,12,14,9,10,10,9,102,80,99,98,105,64,101,17,9,11,10,11,10,10,10,14,17,20,9,18,9,8,19,16,17,11,11,18,14,9,10,12,10,15,8,9,26,8,28,43,60,31,88,108,88,8,10,14,14,8,16,15,16,17,17,9,9,21,223,223,234,107,169,37,29,9,57,20,46,39,21,18,8,10,9,21,13,21,23,9,11,13,24,9,9,16,10,16,11,13,18,9,13,9,12,8,9,17,14,19,201,8,12,16,13,23,10,12,19,24,9,12,11,11,19,20,10,10,19,10,226,43,11,10,46,9,19,15,14,13,19,8,15,16,9,10,229,32,9,23,22,13,8,8,119,101,25,8,13,15,8,8,19,11,224,123,17,19,16,9,10,10,14,12,17,15,8,117,8,10,337,25,58,31,9,694,20,65,68,80,68,65,9,62,8,69,8,12,17,17,26,233,87,120,76,8,11,13,23,11,9,15,10,13,40,9,8,9,8,9,31,9,8,18,9,8,16,8,15,122,7,27,8,14,10,14,7,13,12,9,20,21,9,16,10,13,13,16,10,14,8,305,31,10,9,9,10,18,109,49,202,40,9,18,17,21,8,8,30,9,19,8,52,16,17,12,8,13,13,8,8,12,18,8,8,19,9,17,8,9,10,55,58,8,11,63,55,55,55,53,57,64,57,55,9,17,20,77,18,56,12,8,17,12,7,26,18,8,18,20,7,8,43,23,11,16,34,17,9,21,18,9,18,14,8,26,8,18,24,10,94,10,18,8,10,44,41,8,91,9,23,23,14,83,11,13,27,18,8,15,8,39,8,27,14,8,14,8,16,16,16,16,9,8,14,9,15,15,14,8,20,8,13,10,8,10,19,10,45,8,21,17,65,17,8,11,10,13,104,12,11,13,9,8,13,16,8,96,15,8,211,14,14,9,38,13,18,22,48,10,23,29,10,30,15,10,8,27,13,8,31,8,28,23,21,8,9,15,9,15,9,9,34,13,10,16,16,16,16,10,13,13,15,9,21,12,21,11,8,8,20,9,8,8,8,12,365,16,11,9,15,16,463,7,16,16,10,32,10,32,10,32,9,10,43,10,10,11,24,8,8,74,8,8,16,16,8,13,16,10,10,8,11,8,8,10,9,18,134,19,20,123,46,84,21,8,8,9,19,13,11,20,17,10,24,11,17,12,15,14,17,26,9,9,180,69,10,125,119,109,84,105,16,17,9,16,14,13,18,13,168,23,9,23,8,8,14,9,11,8,34,21,22,8,14,14,25,71,20,8,26,10,20,28,23,26,8,8,23,10,8,73,8,8,12,8,11,9,9,8,12,8,19,10,19,8,9,8,8,13,13,22,18,84,68,8,9,43,55,37,47,12,9,11,19,69,44,15,15,11,25,53,102,19,11,16,16,9,14,14,16,16,16,16,15,20,15,15,92,20,8,8,9,8,8,33,18,22,8,9,90,20,38,8,11,16,9,21,14,29,25,10,24,9,8,8,100,14,19,12,9,15,12,18,11,10,39,72,21,8,32,17,12,19,9,14,9,9,73,12,8,32,16,9,11,9,9,15,244,9,8,9,8,29,15,9,10,30,16,12,12,11,20,11,10,8,16,9,8,9,8,10,9,19,47,25,19,14,11,9,19,8,18,12,19,16,7,34,8,34,34,8,8,9,8,9,32,18,35,34,10,8,8,26,19,32,8,16,32,8,18,13,16,7,32,80,12,36,17,22,23,16,97,45,20,19,10,8,9,10,7,10,10,8,41,15,35,18,45,20,15,8,18,31,18,8,18,69,20,46,306,48,8,10,8,47,77,16,251,19,25,8,10,8,11,26,9,8,18,19,17,8,18,21,29,19,7,46,46,46,8,18,8,18,8,18,46,23,19,19,9,13,7,50,13,19,17,17,8,125,8,12,11,26,27,34,15,12,17,21,22,8,11,54,54,54,8,56,55,55,54,54,62,57,55,9,12,8,8,11,15,17,95,18,19,79,10,16,13,13,7,23,10,29,20,8,18,23,10,20,7,90,12,18,47,12,8,76,9,36,25,8,9,251,45,99,8,8,31,10,17,8,9,11,45,50,11,12,8,15,71,8,10,8,20,14,11,19,9,43,69,37,47,12,9,190,11,19,63,44,15,15,16,16,16,19,22,98,16,41,156,16,21,122,11,28,22,9,13,12,17,24,22,15,11,16,346,8,25,11,8,8,15,8,29,9,38,22,12,8,19,14,12,12,32,10,17,21,14,16,16,16,16,16,10,16,9,8,19,29,12,21,9,19,10,9,22,10,9,9,19,34,10,9,17,54,27,72,100,100,100,10,70,43,9,54,26,25,8,8,111,8,10,18,10,22,9,14,21,20,9,701,17,44,9,32,69,17,19,10,9,9,19,30,80,14,267,128,8,42,8,49,8,106,8,25,52,9,18,16,34,11,22,81,24,10,18,8,32,8,24,12,9,10,8,13,8,8,21,15,19,9,8,16,15,14,97,359,8,9,83,120,119,120,10,12,14,15,10,123,24,15,17,58,22,13,8,12,10,8,18,12,8,8,11,65,18,16,8,10,20,9,13,13,17,9,34,116,8,9,71,8,8,9,9,13,11,20,11,18,10,22,22,23,25,32,45,13,23,21,14,14,10,35,27,34,18,12,17,95,31,46,13,19,9,8,14,8,8,17,12,14,40,22,162,34,18,8,9,10,9,36,8,53,19,13,22,14,20,12,14,14,23,16,19,22,19,22,10,11,10,11,16,8,10,18,8,250,18,21,9,14,18,9,8,11,21,21,10,9,23,40,11,11,11,12,8,9,9,16,10,17,19,19,9,16,17,10,13,18,58,10,20,16,16,16,14,16,16,14,9,14,16,16,16,16,9,14,16,16,16,16,16,16,16,16,9,12,47,8,41,8,45,8,8,107,8,44,8,9,11,8,45,8,10,12,48,48,9,41,107,8,102,8,104,45,12,40,100,19,44,81,100,69,8,34,9,81,47,64,10,8,69,18,111,47,8,127,8,42,8,47,62,82,8,108,63,109,106,109,107,107,44,107,69,8,40,8,9,8,11,8,47,66,8,8,112,71,68,111,111,112,101,36,8,50,9,8,80,107,9,135,13,95,28,129,10,8,29,29,10,47,51,29,10,23,8,10,14,14,11,9,28,11,16,31,9,24,9,115,9,59,54,9,9,227,9,8,103,18,17,86,9,16,126,10,10,31,8,12,24,9,19,9,29,79,87,61,34,26,31,24,14,9,9,79,63,34,38,17,51,9,9,85,85,9,11,10,64,10,8,25,8,9,8,18,10,9,85,17,10,8,57,9,32,32,9,11,12,8,36,9,155,36,9,11,9,18,18,11,37,29,64,8,8,16,8,85,38,9,154,14,18,130,17,49,17,94,20,8,16,10,29,12,8,9,13,19,13,10,10,28,21,21,20,9,39,8,9,19,78,9,44,44,10,10,10,32,10,32,10,32,25,46,19,9,12,15,7,8,9,36,17,32,10,8,18,9,12,43,69,8,14,12,51,19,11,33,18,11,12,14,16,16,16,10,12,9,8,14,9,9,18,12,24,16,34,15,34,34,48,12,241,11,61,253,8,44,142,14,41,25,24,9,10,19,19,16,19,14,19,11,17,12,10,20,24,8,9,8,8,16,12,8,18,12,22,17,10,99,9,21,25,8,128,31,8,117,9,17,81,52,266,130,11,19,18,17,26,10,14,11,15,17,28,11,9,23,25,12,9,12,16,8,8,16,8,8,32,7,8,18,8,18,12,8,8,19,9,8,19,18,16,10,38,16,10,14,7,40,27,8,34,9,9,8,18,34,8,19,24,8,16,12,8,18,12,15,18,11,11,19,8,65,154,17,8,9,8,9,19,16,10,9,14,30,159,34,18,8,8,8,8,18,113,19,16,9,22,20,9,35,20,13,12,16,11,10,11,10,11,21,8,14,16,11,8,9,8,14,41,40,9,11,27,8,22,12,10,10,8,8,8,18,46,10,23,12,14,8,10,8,35,45,15,12,9,65,46,9,9,9,13,10,8,10,18,14,19,8,18,43,24,8,38,25,25,16,18,22,15,16,10,25,15,10,10,18,10,8,10,14,9,10,15,9,8,54,54,11,29,12,11,178,8,24,24,10,74,9,33,118,11,8,8,11,10,16,9,52,15,211,200,13,8,9,80,23,12,43,973,10,8,18,21,9,8,9,21,20,15,10,14,20,9,18,9,23,23,10,20,12,8,15,19,44,9,18,28,8,8,7,24,32,16,31,21,18,19,43,17,43,16,43,69,10,20,25,18,9,43,11,17,43,15,13,43,18,44,17,9,10,19,14,19,43,16,41,43,13,10,11,32,13,12,8,19,43,19,43,10,11,13,32,12,10,9,16,11,26,23,11,10,9,8,8,20,20,33,10,7,22,23,24,36,7,7,36,32,7,22,8,26,43,43,8,43,16,8,15,54,8,23,8,16,18,10,27,33,10,32,15,10,14,33,15,33,14,33,15,13,13,11,32,15,10,13,11,33,14,33,33,33,10,32,13,36,11,33,10,10,32,10,33,11,10,10,9,33,39,32,15,10,13,38,33,11,13,17,15,17,13,9,174,20,23,43,8,7,8,43,8,28,104,12,0,9,110,49,15,9,9,8,11,9,8,10,9,10,8,45,24,9,19,18,34,15,19,9,8,11,19,10,18,17,15,20,14,18,10,8,21,28,18,425,86,12,9,47,68,8,241,13,13,22,10,35,32,125,8,16,22,40,18,87,8,25,11,9,16,11,16,10,13,16,16,16,16,10,472,350,19,18,17,19,9,9,17,11,17,21,30,18,10,218,295,9,239,167,239,230,236,11,23,8,16,14,15,16,21,8,11,19,16,15,16,8,11,12,15,18,15,16,8,11,9,14,16,11,10,20,7,8,13,15,11,9,8,18,32,16,32,9,8,32,21,8,35,17,10,9,10,12,120,16,22,17,9,9,8,23,11,14,18,48,9,62,108,37,17,21,41,13,17,36,24,8,14,14,46,93,14,9,207,15,15,8,14,8,8,322,14,8,8,16,9,8,16,9,8,14,9,8,136,9,78,19,10,18,10,8,12,10,14,9,11,8,10,9,88,10,9,11,25,11,8,12,17,13,36,18,18,10,29,9,15,43,45,24,11,8,13,8,9,8,14,8,9,8,13,10,19,19,16,11,20,20,20,14,9,8,10,12,8,10,8,65,25,9,8,11,8,64,11,53,9,15,14,16,11,13,13,22,8,9,8,8,8,16,170,18,19,17,27,18,19,18,27,18,19,18,27,8,8,8,9,14,19,28,28,28,9,15,10,17,12,12,8,8,9,8,17,10,13,39,8,57,19,45,18,16,24,11,27,10,18,10,12,18,9,8,17,11,18,16,24,27,19,18,12,18,243,20,23,27,18,18,20,23,27,18,18,20,23,27,18,18,20,23,27,18,18,20,15,8,27,12,13,12,9,15,10,9,8,20,10,19,10,19,18,8,11,20,20,10,9,27,20,243,20,19,18,20,22,20,19,18,20,14,9,19,16,17,10,25,16,14,15,16,8,8,18,17,10,14,13,10,9,10,18,10,18,10,18,10,17,10,18,10,18,10,34,30,11,14,33,24,9,10,33,117,64,11,37,12,19,10,22,14,10,17,17,18,18,33,280,33,33,9,77,16,63,8,9,22,11,610,9,134,9,25,18,14,10,9,42,9,227,54,59,59,9,51,59,50,49,55,21,13,9,8,8,41,36,19,59,59,54,59,9,9,26,41,36,44,59,59,9,569,41,19,9,59,9,19,10,9,78,8,41,11,10,77,290,13,13,10,15,8,11,12,41,19,9,8,8,45,19,50,57,9,12,16,16,21,11,20,10,14,15,11,15,8,17,24,10,23,11,13,12,16,8,17,8,8,10,26,10,10,27,12,8,10,10,9,20,76,16,8,16,15,22,8,10,19,10,12,15,10,9,9,8,9,9,9,9,10,25,10,9,12,20,15,8,11,8,16,8,24,12,8,11,18,9,9,416,8,19,8,9,10,12,8,12,8,14,16,15,15,16,15,16,11,14,14,8,8,8,15,8,8,20,17,9,16,9,9,19,14,14,15,15,17,16,16,17,18,23,17,15,126,8,8,9,22,29,30,22,23,22,9,10,21,9,35,22,31,52,33,22,23,23,9,22,10,139,22,149,9,17,31,25,25,11,16,4337,15,16,19,10,20,9,8,9,14,1570,353,9,113,16,166,106,18,8,16,19,30,18,27,50,19,20,38,45,39,22,25,22,21,8,18,16,18,24,39,20,11,22,22,11,8,8,546,11,9,10,36,21,8,10,11,13,11,16,828,9,354,996,14,110,139,11,250,114,114,164,280,114,282,10,9,8,11,9,92,9,72,10,13,120,8,11,42,8,42,8,8,37,37,37,37,9,8,8,907,20,11,24,26,19,2086,8,885,72,53,20,14,15,10,18,123,16,17,16,8,9,19,10,9,8,12,47,12,36,12,47,1605,12,13,245,402,9,12,17,29,8,12,8,8,385,9,284,22,8,58,2053,124,119,1439,13,423,9,102,9,23,14,8,23,30,8,23,14,23,9,15,23,14,23,30,23,14,23,14,23,14,23,14,14,30,23,14,23,23,23,9,56,17,591,15,351,16,180,13,9,81,90,313,8,957,8,62,8,10,9,12,14,83,17,12,9,15,8,33,12,10,9,20,26,10,18,9,11,11,20,8,26,10,8,10,8,9,10,20,9,12,8,13,11,78,456,8,749,173,12,11,8,15,16,12,9,18,8,8,8,15,8,10,29,8,20,11,16,8,8,144,18,8,46,9,8,8,11,9,9,11,9,28,8,11,15,32,10,17,15,8,8,15,8,1935,36,8,8,27,8,8,12,12,33,9,13,8,31,32,15,8,12,8,9,16,776,55,248,15,518,108,8,0,8,69,10,8,11,8,117,112,281,18,8,14,11,18,21,96,9,10,22,14,49,25,10,27,22,15,15,657,14,10,9,9,12,8,24,12,15,24,9,22,9,15,20,133,8,25,10,17,245,10,22,17,17,18,16,22,22,9,34,32,9,33,25,18,18,8,12,141,21,117,38,9,454,24,118,8,8,51,122,10,8,20,8,9,9,8,232,10,40,109,18,8,42,24,647,10,2250,109,9,15,18,219,1899,288,9,96,576,450,8,317,165,110,9,43,16,22,9,18,21,8,8,123,27,8,8,123,8,8,163,166,11,113,35,35,69,24,11,8,11,16,16,29,8,8,123,27,8,51,25,13,12,117,8,10,12,12,15,234,8,8,8,12,12,8,177,12,12,30,22,10,27,27,33,10,11,30,10,34,8,11,34,45,904,1667,11,4895,110,23,15,19,866,361,16,11,9,12,12,81,608,542,16,24,25,25,336,9,101,56,34,10,24,38,11,67,9,9,11,9,334,14,133,8,19,17,52,19,127,8,43,11,8,7,36,10,8,8,12,16,21,1911,10,15,9,9,485,319,10,8,25,15,10,8,10,19,65,8,35,21,503,14,261,133,324,20,15,15,8,991,10,221,410,215,209,10,9,10,9,919,16,127,795,72,67,343,329,272,0,9,8,9,8,8,11,9,10,119,8,641,19,689,330,48,60,142,345,615,8,112,9,63,8,8,116,9,83,112,81,81,13,41,117,84,10,85,118,10,345,85,79,103,96,83,112,118,115,83,126,80,10,125,82,81,83,118,62,63,64,64,71,86,84,83,104,86,100,117,63,85,64,86,103,102,69,104,86,39,43,102,86,110,103,86,82,102,37,104,13,117,117,13,21,21,567,449,118,253,10,256,119,80,9,26,54,59,75,79,16,85,110,126,110,126,95,81,77,125,80,83,81,85,110,125,83,118,121,69,37,111,128,110,44,77,117,51,103,86,103,119,101,103,108,69,69,34,44,77,117,52,117,117,111,111,117,111,117,117,40,39,11,2503,79,93,16,8,12,12,9,27,11,12,12,18,12,8,42,107,123,55,118,8,10,45,22,124,118,170,18,11,19,765,220,25,9,102,104,66,47,104,104,103,103,104,102,18,699,21,12,62,21,9,335,26,10,9,9,88,85,98,9,17,14,14,10,10,10,8,8,11,10,12,8,8,9,21,11,10,8,9,236,15,40,8,8,9,21,8,18,10,17,9,15,12,13,9,24,9,10,23,10,9,23,8,8,9,28,47,17,9,181,129,207,15,45,112,9,13,18,8,8,16,9,8,14,10,17,11,10,12,18,8,22,9,8,8,9,9,18,15,18,9,174,224,115,9,37,31,58,8,67,21,9,48,12,9,11,13,11,10,13,9,15,10,9,9,15,245,20,207,16,113,16,10,19,9,16,12,119,8,129,14,9,9,19,8,17,8,12,9,64,28,12,115,8,8,13,15,20,13,31,17,8,9,23,12,9,31,94,13,21,14,26,457,458,455,44,11,10,79,8,9,13,10,9,8,59,8,120,10,18,8,124,10,48,16,225,113,16,13,130,124,26,12,9,9,16,11,13,9,10,14,36,11,479,108,8,70,8,35,22,8,8,9,19,8,10,16,236,21,252,16,10,122,31,43,16,134,1283,9,35,9,14,222,236,21,110,83,117,21,25,28,21,23,29,31,16,19,457,96,700,16,8,8,68,81,8,9,8,69,69,10,62,9,230,125,120,9,10,8,8,11,12,10,11,10,15,8,11,69,11,40,17,11,2906,235,8,24,335,8,9,1638,9,26,97,18,9,9,13,8,13,12,20,10,51,8,11,12,479,9,12,8,106,652,75,292,8,20,15,49,24,36,14,11,10,121,8,22,10,8,602,21,17,8,31,564,8,56,55,54,60,63,57,65,66,56,9,314,419,1256,8,9,8,8,11,69,9,26,9,18,8,8,53,23,14,444,40,15,21,129,8,22,8,187,12,17,8,120,8,16,9,8,18,9,15,8,16,10,8,135,16,8,11,583,103,55,44,44,8,17,253,18,12,14,29,17,8,10,83,8,8,15,13,287,9,61,165,79,215,9,9,11,24,13,16,17,13,104,42,169,10,27,19,15,8,24,17,21,8,198,26,24,76,8,568,11,29,20,32,191,21,10,25,125,16,10,62,116,12,21,9,1063,116,10,55,16,20,16,9,425,124,36,8,16,32,32,9,11,22,8,8,28,16,8,13,10,13,8,9,111,9,105,9,9,105,105,15,20,9,19,13,9,51,12,13,22,21,9,8,9,28,13,9,10,12,342,12,97,8,8,14,106,21,9,20,10,8,9,9,186,117,107,109,109,80,14,9,30,23,10,27,8,18,13,9,12,52,8,28,79,39,25,17,11,8,129,21,8,25,14,14,25,25,20,33,29,8,250,18,44,64,250,11,123,9,23,8,17,14,18,8,14,190,8,11,8,10,11,12,11,15,8,11,10,106,14,16,15,260,25,57,23,173,15,107,24,9,19,15,22,21,8,14,24,24,18,16,16,207,122,767,33,16,8,91,121,9,8,51,32,15,8,1015,463,101,8,33,44,9,20,16,10,34,21,9,117,10,14,9,14,50,8,17,21,30,28,20,9,33,10,10,28,11,10,25,10,9,9,17,33,13,8,11,9,101,10,54,10,85,9,9,16,9,16,8,8,19,17,1082,9,119,8,117,234,7,8,19,8,8,8,9,53,34,14,176,8,123,175,8,80,12,50,14,136,8,339,118,201,251,8,34,10,8,10,35,8,8,35,35,36,26,280,171,18,250,14,10,14,31,10,21,236,21,33,21,9,213,23,130,9,195,1053,9,17,8,54,54,9,12,1022,300,47,500,27,8,8,12,10,8,8,28,18,16,338,8,9,23,8,251,45,8,73,10,49,38,407,11,1263,71,596,34,18,1697,57,19,44,447,35,750,18,208,80,22,673,414,13,29,19,21,19,26,11,9,24,17,9,8,15,21,17,9,21,9,18,20,23,8,12,12,12,15,16,8,9,113,8,14,14,17,118,14,17,345,231,29,3702,10,1267,322,2376,10,690,9,80,10,65,29,14,25,20,8,8,10,10,12,20,1366,57,319,237,9,69,17,10,8,30,14,142,8,15,15,45,64,8,25,52,10,161,14,98,18,83,24,26,46,34,8,24,12,9,10,31,15,23,19,46,16,100,591,69,103,123,29,43,316,773,343,12,11,738,17,18,20,41,8,40,12,8,16,10,23,25,28,14,221,8,17,18,226,229,103,346,12,36,161,8,26,18,10,23,19,29,25,9,13,9,23,11,13,9,10,9,8,22,11,11,8,17,8,19,10,25,20,15,8,16,12,18,21,18,9,23,18,9,8,18,11,18,13,12,16,36,11,11,12,8,9,9,30,24,19,35,198,11,42,18,113,24,16,8,122,24,105,21,24,24,8,16,8,14,16,24,8,8,24,16,8,14,24,9,28,43,8,30,71,107,8,29,107,8,104,8,79,13,47,8,80,8,107,12,50,8,8,42,8,14,8,8,8,107,108,107,105,116,108,119,107,44,12,81,100,8,40,8,60,34,8,72,77,8,100,112,113,13,50,32,112,41,9,8,19,9,238,8,9,33,10,49,51,9,36,22,8,14,13,625,43,9,22,110,27,16,9,36,16,9,16,11,9,180,17,395,10,26,31,8,9,8,12,9,12,13,9,8,377,17,87,32,34,9,9,8,20,21,15,14,9,19,89,9,28,9,32,41,8,47,9,8,20,14,21,17,9,8,85,8,10,111,17,31,8,9,9,18,16,53,31,20,11,94,9,34,20,8,16,33,35,10,31,20,18,21,8,31,8,22,15,37,62,20,12,90,11,10,8,15,9,17,9,66,17,31,23,8,15,14,8,16,18,8,12,15,24,10,12,18,1001,213,9,210,8,32,32,9,34,32,18,16,10,10,13,32,8,10,17,32,32,11,14,16,16,24,112,9,8,12,8,16,13,9,8,12,9,37,11,34,12,14,187,14,17,16,155,11,17,16,22,19,16,8,20,19,16,8,9,10,19,16,22,27,22,17,8,10,99,162,51,27,635,41,12,790,17,129,9,12,12,20,16,12,365,12,16,9,16,8,15,8,15,22,9,18,14,8,9,9,18,105,9,8,7,48,34,8,12,8,18,18,12,18,111,16,8,302,307,9,283,8,8,16,11,11,149,45,8,8,45,26,21,9,13,18,13,8,33,12,9,15,11,8,12,10,9,12,19,15,11,11,9,11,8,12,8,10,12,23,9,8,247,9,11,1297,119,329,9,119,356,22,38,22,15,106,112,8,16,10,228,203,2771,8,8,140,8,24,61,12,175,28,11,16,58,49,8,1017,276,9,62,80,24,45,524,12,24,9,12,24,8,176,15,9,9,128,11,207,13,8,9,9,8,34,7,34,8,107,105,9,17,8,108,69,10,11,63,9,61,8,11,9,9,18,8,9,115,106,103,12,9,32,203,1065,9,13,10,32,8,9,10,26,42,8,31,11,32,69,8,36,18,8,43,8,118,335,11,15,9,33,12,11,32,14,14,9,33,14,33,8,32,14,11,17,8,11,33,11,33,14,33,15,10,10,13,32,10,12,10,14,9,33,15,11,47,8,126,10,8,1325,43,43,10,16,25,83,13,94,9,10,9,50,17,8,8,16,98,9,8,16,8,15,20,8,9,329,54,825,15,165,9,12,198,12,8,16,22,136,28,13,191,9,11,8,11,95,288,233,16,63,44,8,459,126,17,27,9,119,87,9,111,11,17,111,61,9,23,25,170,158,169,76,592,236,11,15,448,15,18,13,19,26,8,10,8,8,20,11,19,13,208,11,8,10,32,35,9,32,17,12,12,703,13,719,29,351,11,962,28,359,9,35,258,14,168,19,17,9,16,27,167,16,8,16,10,8,36,21,9,23,9,24,10,16,10,114,82,13,110,103,15,444,155,22,139,121,518,13,92,226,18,14,405,8,9,322,25,157,15,16,9,17,61,8,18,20,23,27,18,18,20,23,27,18,18,20,23,27,18,18,20,23,27,18,18,20,23,27,18,18,20,23,27,18,18,20,15,544,20,19,18,20,15,494,20,19,18,20,27,20,19,18,20,170,248,57,10,17,17,966,391,59,16,920,9,197,17,159,216,18,18,274,109,45,119,10,9,626,10,9,100,17,280,10,17,18,19,10,18,109,1698,230,361,8,9,22,57,9,121,10,8,9,59,59,9,8,78,499,9,10,9,78,8,11,10,77,314,13,10,218,152,309,8,15,9,19,503,8,53,180,9,15,156,210,308,8,351,10,16,18,8,10,12,29,9,18,801,103,41,10,10,8,18,21,20,31,8,129,8,14,21,15,8,16,8,8,22,25,8,8,9,11,8,10,8,8,9,9,10,8,10,8,12,9,22,398,9,33,9,12,8,21,10,25,12,13,8,24,126,11,18,16,9,27,16,9,46,14,28,16,19,457,8,202,10,8,1823,33,22,8,19,46,9,106,150,137,22,25,25,11,1175,8,8,4273,8,21,9,2521,19,9,8,9,22,22,8,9,19,24,11,22,11,16,19,8,3729,587,9,37,10,21,10,11,16,9,13,122,1493,61,93,14,110,27,11,13,280,284,12,564,121,8,11,8,37,37,22,37,752,15,14,13,19,2176,10,12,450,14,263,57,126,16,17,8,209,33,8,407,23,8,14,29,8,706,106,340,14,2830,162,2178,241,420,9,102,23,23,30,23,9,14,30,14,30,14,30,23,14,23,30,23,14,23,30,30,106,18,14,14,9,9,56,40,18,411,15,246,14,225,95,8,345,354,8,2061,28,8,210,28,9,9,458,12,18,9,17,8,17,8,18,10,17,30,9,12,78,457,8,11,22,8,17,9,13,8,20,8,3528,146,8,8,9,17,14,14,11,32,10,53,12,8,15,8,1869,26,9,16,19,26,8,8,13,17,8,8,9,24,11,12,9,12,8,131,10,8,9,70,9,9,17,8,9,9,17,9,11,12,8,31,9,19,19,8,10,12,8,10,8,8,9,10,8,10,9,16,8,9,9,18,22,9,9,9,27,8,51,10,10,31,11,37,13,8,53,11,1665,890,302,15,518,8,0,8,43,38,505,112,18,14,18,21,11,10,19,15,18,15,547,14,14,23,11,444,9,36,9,22,9,9,21,16,18,10,9,18,28,15,35,20,33,8,40,35,10,18,18,15,89,22,9,271,9,357,23,37,8,8,14,10,16,19,236,44,10,40,92,18,8,1684,790,10,2328,109,9,11,222,2012,12,576,390,745,110,9,1010,43,263,14,29,8,123,120,29,167,385,113,35,69,24,18,10,8,10,29,13,12,10,179,20,3685,8,8,13,10,40,22,15,8,33,10,33,10,11,11,34,18,904,1779,109,750,252,19,832,361,16,10,12,20,99,920,544,16,24,25,25,336,9,187,8,130,90,67,26,9,26,11,14,1568,124,437,247,8,19,17,52,19,122,8,106,7,36,10,8,11,16,21,217,334,18,503,24,15,8,20,8,14,26,119,21,491,14,20,15,522,9,1598,27,11,909,16,71,392,72,122,1930,439,551,0,9,17,11,8,111,19,686,273,112,8,116,12,191,452,6,80,8,8,65,17,82,42,9,119,116,82,82,110,117,125,48,12,125,117,65,125,61,125,102,86,38,86,63,38,85,79,13,39,27,115,116,102,69,104,117,13,21,8,21,107,15,18,495,118,119,79,63,78,9,15,79,80,19,54,85,125,64,20,104,10,16,121,65,43,131,65,43,13,67,8,61,52,49,117,111,13,117,117,40,117,108,11,10,18,13,22,547,12,8,17,8,12,20,135,106,9,10,142,63,20,8,10,545,127,28,121,8,574,111,20,101,8,9,102,104,103,104,103,103,104,103,1474,8,1150,183,847,335,94,114,10,120,99,9,98,43,14,13,13,12,28,14,11,11,14,23,12,19,18,9,82,234,8,8,8,10,15,9,335,18,18,17,9,12,10,122,19,231,22,151,97,182,129,88,239,9,9,26,13,8,8,13,10,12,8,16,17,10,8,9,8,9,8,8,10,9,8,10,11,8,9,9,18,449,9,10,8,9,37,28,39,11,8,82,101,31,32,162,32,9,9,8,9,22,122,20,14,9,16,16,21,9,15,22,17,59,8,8,10,9,203,67,8,8,15,443,316,63,9,89,13,9,8,17,60,17,8,9,9,25,288,9,14,8,9,21,13,31,13,10,25,26,26,563,456,48,49,17,134,8,119,27,8,121,28,8,21,8,122,32,247,27,34,12,9,119,30,8,11,9,10,349,237,93,12,8,8,46,8,10,9,8,8,231,684,236,15,9,10,134,1126,32,18,8,9,454,110,108,92,327,23,21,8,30,23,29,12,8,18,13,111,694,20,8,8,8,10,62,8,281,339,9,120,10,9,14,8,212,19,14,17,432,11,120,2955,15,9,235,607,389,8,1681,9,35,30,15,13,13,8,10,20,8,12,542,9,12,264,34,24,15,9,179,8,8,20,564,10,54,8,55,55,66,60,56,55,9,370,341,65,9,1046,8,15,9,69,26,86,8,8,53,23,14,309,129,8,10,264,9,8,150,8,16,9,18,11,9,9,231,16,473,16,233,26,23,30,23,28,18,14,21,10,18,71,8,13,8,482,9,19,8,9,16,248,1485,18,14,13,106,18,24,193,21,28,19,26,79,546,112,841,38,123,125,16,42,21,9,16,146,16,579,34,9,32,32,11,8,12,10,129,9,532,9,57,8,15,119,17,28,9,13,26,30,14,12,9,20,24,21,9,1273,9,15,25,9,8,342,12,21,15,9,10,11,16,8,14,16,17,9,16,27,9,9,186,131,113,105,84,80,8,28,28,9,57,8,37,8,19,13,23,23,12,11,17,11,8,25,40,274,20,29,48,8,250,44,90,250,210,9,11,50,11,13,71,8,10,19,14,10,12,11,114,8,14,16,425,57,128,21,14,16,24,22,9,8,89,116,207,122,853,118,16,33,121,17,27,9,1118,337,77,588,21,45,15,23,16,10,11,116,14,101,8,17,28,19,11,11,10,19,676,353,27,9,23,8,12,9,10,13,230,10,856,8,11,11,10,8,10,12,25,9,18,15,814,41,40,17,1007,10,126,8,8,205,1090,7,44,9,53,193,176,44,80,22,8,225,118,200,8,24,16,38,38,35,8,10,8,35,26,280,61,198,36,250,10,14,9,31,21,236,21,33,21,9,321,234,23,74,9,1455,9,8,54,57,65,55,62,57,54,55,9,321,47,500,27,14,78,8,8,43,10,351,26,8,9,62,43,90,43,10,52,38,452,11,9,1263,134,264,641,1752,57,19,44,16,78,929,39,908,415,11,14,19,23,21,14,17,12,17,11,8,9,18,8,21,23,8,12,15,13,13,113,8,14,14,17,118,14,21,344,562,29,8,16,690,9,10,27,10,8,20,2424,400,812,36,9,69,9,30,14,142,33,44,10,271,22,14,98,24,45,24,11,10,12,46,16,97,592,276,301,123,773,18,737,17,9,20,43,21,25,8,14,8,32,15,8,23,16,97,22,226,229,103,194,25,34,18,23,19,23,22,14,13,28,14,154,18,8,8,8,17,19,23,10,10,17,10,15,16,18,25,16,9,20,9,23,17,12,18,11,12,15,11,15,10,8,11,11,11,11,12,30,32,162,214,105,42,9,8,21,8,123,24,8,17,121,67,60,16,24,8,8,24,24,21,24,4405,8,44,85,26,8,49,29,37,44,65,13,34,8,80,8,80,38,107,12,8,13,108,44,107,8,9,11,18,111,8,13,44,8,81,14,8,107,8,108,127,127,107,70,12,81,104,8,8,44,100,112,8,11,121,32,9,100,121,38,41,9,8,1606,2422,9,3964,17,52,41,41,29,9,36,44,30,44,24,25,44,13,803,43,467,116,11,8,1587,12,109,87,9,43,11,17,9,454,26,8,20,17,9,43,15,8,31,17,8,21,14,9,10,17,14,9,8,10,51,17,18,8,13,11,14,17,44,16,8,52,21,18,9,23,18,9,10,11,55,15,20,9,9,28,8,21,16,34,33,34,20,8,9,8,21,17,18,80,9,186,15,9,17,28,9,16,32,42,234,9,8,15,8,22,8,8,109,31,18,1132,9,283,34,9,8,35,10,32,13,14,10,8,52,18,69,24,16,24,788,9,19,9,10,173,10,10,34,12,14,17,255,18,9,8,20,17,12,8,10,69,16,15,8,8,10,10,10,14,18,10,11,8,10,161,27,519,41,785,17,107,15,23,19,15,18,616,10,10,15,127,15,15,17,8,9,9,9,7,10,9,8,8,8,8,18,43,103,302,284,8,8,362,11,149,45,8,21,17,26,20,19,16,8,44,13,8,8,26,18,8,15,44,12,17,18,21,15,11,12,9,10,28,47,8,9,12,19,208,22,15,1294,119,1030,1089,128,356,106,112,116,689,444,203,1879,55,51,8,12,138,8,22,184,28,11,16,55,87,80,12,1177,195,0,24,8,173,9,953,128,203,8,9,9,36,8,34,20,34,22,8,106,9,105,51,9,8,108,9,9,18,8,9,114,106,104,108,9,14,25,10,11,32,98,7,36,104,43,8,118,333,15,9,9,33,12,14,11,33,12,14,11,10,17,208,33,39,39,10,13,33,15,47,32,127,8,33,1784,43,8,10,662,98,13,77,9,101,9,34,9,17,9,53,9,834,15,122,267,16,113,281,122,8,233,379,109,2533,1292,224,17,163,130,86,53,111,11,16,111,18,41,10,230,9,240,240,78,382,236,11,129,557,15,16,11,16,8,8,8,8,19,8,8,182,10,17,12,664,8,27,954,466,42,8,258,115,19,17,169,16,11,16,9,16,14,8,14,18,24,9,16,9,9,856,228,103,15,444,237,521,8,224,1040,222,21,236,52,8,25,157,11,216,8,17,116,8,18,20,9,8,23,27,18,18,20,8,23,27,18,18,20,23,27,18,18,20,23,27,18,18,20,23,27,18,18,20,23,27,18,18,20,15,20,20,19,18,20,15,316,20,19,18,20,22,20,19,18,20,19,134,18,670,392,560,201,24,342,477,117,18,18,12,109,42,16,128,12,824,522,44,32,280,10,209,118,307,105,2223,80,91,8,9,27,77,121,2741,9,8,10,24,10,77,880,10,25,127,17,307,17,13,13,19,485,8,109,17,0,15,9,61,1633,8,15,43,10,8,18,402,12,470,18,10,20,31,12,153,8,21,8,16,8,16,8,10,23,8,8,19,8,119,12,13,8,305,10,8,8,11,16,9,16,19,514,1921,201,10,1565,131,20,19,9,128,105,20,20,22,25,14,8,9,8,13,2466,9,8,17,22,22,162,11,22,122,9,8,3153,588,9,37,14,21,12,15,354,23,11,13,30,13,282,565,8,11,8,37,37,37,37,851,19,2323,8,12,12,539,240,14,295,16,17,33,25,830,17,28,884,841,340,14,3027,73,11,2595,659,306,23,9,30,23,14,30,14,30,14,30,14,23,14,23,14,23,14,14,23,9,740,25,15,353,1236,87,628,8,925,8,712,458,8,8,13,10,16,9,78,16,9,456,2160,17,8,12,187,11,14,10,14,10,10,67,10,8,1637,35,8,30,9,32,35,19,8,8,19,28,19,8,8,8,8,9,10,8,9,9,12,8,10,11,10,9,24,9,19,20,22,9,8,8,17,9,14,8,8,12,9,12,9,11,8,67,8,61,8,8,9,11,12,8,37,8,10,8,16,47,103,33,1688,263,15,13,518,8,0,8,1657,112,18,14,15,15,649,23,11,458,9,36,9,22,32,30,18,14,9,20,8,10,18,18,525,8,22,238,21,8,14,10,30,19,18,8,846,1133,109,9,11,603,1999,305,165,64,427,405,54,9,11,43,9,244,11,8,8,206,749,35,8,8,13,8,20,175,188,10,33,32,18,10,7,20,34,771,109,792,253,861,776,29,99,920,544,16,24,25,25,17,67,836,26,11,441,123,395,245,19,17,52,19,118,8,106,7,10,8,8,16,21,1911,860,20,8,33,21,503,14,20,30,521,1638,72,20,967,16,127,72,123,0,0,11,8,111,19,689,273,112,97,239,6,11,67,111,116,8,65,15,133,85,84,9,127,112,121,24,8,116,35,125,82,82,9,63,81,61,80,118,84,82,102,112,83,38,80,102,84,82,86,28,38,83,86,8,38,117,9,549,257,82,9,118,8,140,9,28,13,72,9,81,70,38,129,85,110,10,126,63,82,143,55,42,115,110,10,117,11,117,111,117,117,108,11,163,22,505,12,8,13,13,135,8,107,76,8,9,9,22,9,8,10,2482,168,113,121,555,118,9,33,91,104,104,104,104,104,103,104,102,417,1254,36,47,131,928,278,104,116,67,9,100,101,663,8,17,12,18,8,9,14,10,17,12,8,23,23,22,8,99,240,8,36,15,772,28,8,12,9,125,14,558,450,331,151,75,9,122,219,9,9,240,88,9,88,85,104,25,8,8,11,17,10,11,11,8,18,10,9,8,426,9,10,13,22,370,225,13,109,9,9,8,9,10,59,58,35,67,26,14,8,101,9,493,14,12,12,37,9,8,9,21,14,19,9,204,12,15,718,106,49,118,10,9,9,20,8,0,8,17,385,8,314,114,675,8,131,9,24,8,9,565,9,8,11,28,19,13,8,134,8,12,590,1697,9,10,454,9,858,129,117,8,124,25,123,15,12,110,112,92,11,1001,9,121,8,12,25,23,925,8,49,12,9,8,9,241,684,342,9,8,44,66,79,314,199,1139,835,16,17,11,552,141,217,453,459,28,26,209,20,706,62,62,68,10,8,335,341,9,8,9,120,13,2694,14,23,8,434,11,120,3013,13,1727,1604,354,2728,27,8,656,303,94,14,18,249,8,16,21,14,27,557,27,10,8,55,55,61,62,9,65,61,9,8,321,233,1128,8,9,24,26,8,24,23,14,2137,312,16,8,9,231,123,11,10,20,275,12,8,389,216,135,8,1206,247,18,253,9,8,28,23,24,512,10,568,728,38,125,16,21,16,16,708,34,9,35,11,12,0,129,9,132,9,106,8,15,412,12,327,25,22,342,0,12,16,18,16,16,119,113,103,106,102,246,9,16,17,11,386,40,273,29,250,250,8,11,109,18,8,108,162,12,8,8,8,108,424,57,130,16,8,14,16,21,21,124,116,9,488,314,0,16,8,119,47,18,1116,472,643,14,16,10,116,9,10,29,8,9,11,13,101,9,26,14,28,8,45,13,11,9,10,17,11,10,10,14,648,9,1009,17,1249,10,137,8,65,361,10,1090,7,44,14,55,24,44,80,234,341,118,200,8,8,10,120,10,8,49,280,250,14,10,10,21,234,21,33,21,10,17,35,225,23,70,9,231,9,21,8,54,56,54,54,55,41,9,71,9,58,56,8,299,47,500,8,9,8,8,43,10,214,351,8,24,52,366,11,1263,232,224,639,22,43,19,44,407,85,15,19,748,30,20,27,28,17,9,8,21,23,8,11,11,11,18,11,17,11,21,18,17,12,12,16,9,14,104,8,14,14,17,14,345,29,16,690,9,10,10,8,20,2531,938,91,80,75,185,10,271,14,98,20,23,12,46,16,15,265,746,1104,357,123,773,18,737,17,9,79,82,47,14,8,19,12,27,97,134,18,226,127,333,195,25,18,24,18,13,9,23,20,23,12,22,8,22,11,8,14,10,10,10,15,8,18,9,9,9,20,10,9,8,18,11,18,14,8,12,8,11,17,8,32,219,203,100,42,9,8,8,24,24,8,24,21,123,16,122,117,116,24,8,17,66,4235,8,29,107,105,50,13,107,114,8,8,118,8,107,118,108,108,12,44,11,24,94,61,38,8,112,112,115,111,8,9,32,9,24,24,9,8,9,16,8,59,43,1548,2478,9,4047,41,41,41,9,36,44,37,28,13,1142,43,22,87,9,26,9,26,10,9,409,11,8,14,9,12,10,87,9,34,15,111,49,8,17,11,10,10,17,106,9,37,46,8,48,17,13,91,17,14,8,9,8,87,9,8,8,52,21,18,159,10,11,9,20,9,9,12,8,10,10,17,31,17,9,28,8,61,9,109,95,16,34,31,9,19,55,30,119,8,9,13,13,8,17,18,972,1416,255,34,35,10,18,12,13,14,8,18,11,118,16,24,12,9,39,86,10,35,11,10,11,24,16,15,8,8,9,11,9,28,17,8,10,163,27,550,41,802,17,114,12,12,24,559,14,15,129,15,18,12,21,9,9,45,7,36,8,8,18,43,103,302,339,346,8,359,11,149,43,12,9,24,20,24,18,11,10,15,8,25,10,18,8,19,22,14,8,16,251,44,9,18,8,12,10,47,8,22,8,8,207,22,15,1297,119,1091,128,355,8,6916,112,60,743,434,102,1876,8,53,56,16,140,8,22,184,28,11,16,58,80,10,10,0,12,262,9,9,910,129,203,9,9,36,8,34,20,9,106,108,9,109,9,9,18,8,9,106,12,17,28,32,7,36,43,8,15,9,33,15,14,10,33,12,14,10,12,14,11,10,17,208,39,39,12,33,15,137,1323,43,43,620,273,115,14,9,101,9,33,9,54,834,15,122,387,161,8,233,109,2419,95,58,17,947,31,677,13,11,16,111,9,155,170,170,224,540,11,280,543,15,16,19,8,12,245,10,703,465,9,1125,467,342,19,17,89,16,53,33,23,24,16,87,227,103,15,508,240,518,166,111,114,242,52,8,25,156,11,216,17,116,8,17,20,23,27,18,18,20,23,27,18,18,20,23,27,18,18,20,23,27,18,18,20,23,27,18,18,20,23,27,18,18,20,15,20,20,19,18,20,22,20,19,18,20,22,20,19,18,20,19,9,13,809,222,575,345,43,127,12,682,119,9,33,10,356,342,49,2448,9,25,77,120,1186,8,74,34,8,9,8,10,9,10,36,16,315,8,17,226,17,10,17,10,14,62,14,55,
5267,127,87,91,63,99,85,99,23,27,105,26,29,21,27,81,25,66,41,46,97,60,23,23,40,80,28,99,38,99,40,51,98,34,20,40,91,34,23,23,22,5201,3715,75,63,57,82,63,49,77,60,70,52,53,60,252,23,23,21,21,206,102,104,94,35,87,82,268,115,51,63,18,21,22,84,126,126,63,64,84,139,117,63,64,84,94,129,251,115,77,90,37,169,21,43,43,52,95,88,129,8,96,86,58,9,8,9,58,70,9,58,69,9,9,69,9,58,69,8,69,38,17,48,64,64,102,76,12,86,63,123,135,135,76,76,206,85,57,42,43,42,58,42,73,72,108,42,43,42,58,72,73,42,108,42,42,42,90,24,22,90,120,14,93,16,2,24,31,58,9,9,58,33,48,58,9,80,32,17,59,60,208,18,118,205,18,66,206,107,115,94,108,106,36,17,25,50,123,18,123,169,126,123,18,122,30,117,54,122,120,55,19,129,32,19,96,75,89,59,25,47,8,24,115,110,122,114,114,40,20,65,627,318,86,57,33,29,93,121,87,236,94,90,108,107,124,110,94,105,120,108,105,26,47,14,11,58,31,39,111,358,107,120,114,129,124,59,28,47,36,184,100,25,41,25,86,69,69,8,59,59,8,61,7,50,70,8,70,96,450,82,123,109,97,52,52,113,33,48,23,40,41,15,14,58,26,94,8,61,71,9,13,60,91,24,20,495,103,178,558,18,25,96,93,129,51,48,2,173,91,17,118,126,116,122,117,81,117,113,82,117,113,115,111,85,88,120,102,84,117,86,116,126,86,118,88,86,84,66,110,128,111,86,82,96,89,118,113,81,82,119,121,65,72,85,84,104,102,87,114,102,84,107,104,103,111,81,86,103,114,104,79,105,88,87,80,103,87,87,111,104,87,82,83,88,119,65,115,62,105,65,65,119,119,127,119,108,116,84,111,79,64,82,118,64,80,56,88,111,81,57,87,101,110,119,107,118,96,86,56,132,85,139,111,138,96,120,114,119,97,126,70,87,87,78,105,129,104,87,104,130,104,109,103,102,119,56,44,119,57,45,115,78,71,87,57,112,57,57,112,112,57,119,119,119,119,109,119,119,90,108,105,143,136,109,94,106,105,105,105,105,104,105,105,104,105,186,114,66,103,81,100,99,106,65,102,87,89,89,138,267,38,30,36,58,47,50,99,123,119,52,103,105,90,62,47,38,16,172,108,84,33,59,32,84,69,81,69,82,82,82,70,81,89,77,97,91,153,136,77,74,21,18,17,17,16,123,8,55,53,15,13,15,8,47,863,203,125,12,53,60,56,59,60,56,64,56,56,56,54,58,65,58,56,62,78,57,14,88,14,8,42,20,57,8,69,24,48,33,35,42,19,563,10,60,42,46,66,47,105,97,212,45,106,49,33,31,30,27,31,42,51,21,40,23,178,103,22,85,286,420,17,92,8,71,47,11,11,47,13,70,11,11,25,124,85,140,181,126,120,110,85,106,96,49,237,69,37,72,94,59,27,34,19,91,152,143,124,120,99,84,98,34,18,76,43,40,94,8,10,49,60,9,61,10,42,101,62,12,54,47,48,18,8,47,18,46,41,256,8,59,24,46,71,36,33,24,70,354,20,18,100,84,8,57,29,21,34,69,24,84,20,14,14,8,162,194,258,56,55,55,56,63,56,56,55,56,63,58,57,66,96,19,90,80,15,81,14,14,8,24,48,41,41,47,69,8,237,435,58,47,72,64,99,18,157,57,71,27,28,74,106,112,113,83,74,74,73,101,101,101,71,77,63,42,28,29,114,112,82,100,59,10,60,38,18,81,435,100,49,71,163,118,84,121,120,121,75,17,124,42,18,59,116,101,38,118,80,65,20,117,44,72,40,54,19,15,97,87,59,106,107,106,109,46,109,108,109,104,109,103,49,49,46,42,108,109,103,105,105,101,20,108,109,101,70,111,36,46,109,65,46,70,112,101,109,128,106,63,109,110,109,64,110,107,110,108,108,110,108,70,104,111,36,101,67,114,116,72,69,112,112,113,115,37,114,112,42,64,90,96,113,130,48,72,62,64,48,52,54,64,24,19,69,25,24,113,96,52,121,80,98,43,104,377,112,91,61,41,39,25,24,112,80,88,103,35,36,55,25,376,80,84,35,39,98,259,126,110,86,86,129,65,98,42,323,19,113,110,86,108,35,69,30,37,156,37,78,37,39,332,38,30,263,82,97,86,242,156,37,131,99,111,248,79,59,11,11,11,59,11,59,26,47,10,50,8,48,11,61,49,106,27,15,59,70,13,77,59,49,59,22,178,125,133,118,453,20,234,92,118,120,20,126,27,214,46,8,10,21,20,32,20,20,39,17,13,15,8,28,61,61,10,49,60,9,25,20,15,28,58,155,300,435,29,59,55,55,52,201,56,54,58,28,61,49,61,57,69,46,9,8,33,82,45,51,44,67,70,49,21,46,14,49,59,62,68,42,20,65,80,48,60,8,23,52,8,8,33,8,23,58,69,9,69,62,58,39,50,50,14,50,34,18,216,24,9,8,9,69,9,105,13,19,23,18,176,29,196,143,90,88,90,81,131,93,219,296,240,168,240,595,51,8,9,62,60,50,17,10,60,60,55,11,49,94,171,70,47,96,209,325,109,202,79,20,88,150,83,19,14,30,65,16,45,46,25,79,108,94,94,139,73,147,181,2912,111,140,73,2912,113,113,113,113,113,56,107,33,16,42,331,59,28,24,1797,113,28,113,20,96,26,86,109,108,25,310,78,64,15,87,107,50,43,52,328,55,60,60,57,52,60,51,50,56,94,79,47,52,61,60,60,55,60,60,62,117,42,52,61,60,60,62,679,42,61,61,60,62,61,118,42,62,372,86,92,49,61,1768,61,1772,100,1770,337,417,113,120,24,18,127,112,30,23,31,53,24,31,44,138,23,36,23,32,53,34,24,29,24,15,23,140,23,153,23,25,32,26,26,20,64,4402,205,25,167,107,19,106,20,20,40,19,28,51,20,22,39,46,40,23,26,23,31,19,20,19,25,40,21,32,23,23,22,37,2265,53,63,50,37,37,21,21,21,21,480,1092,179,251,115,115,281,115,365,27,84,0,95,2163,19,62,21,61,37,319,502,53,125,363,80,2439,250,1521,189,57,43,57,41,86,73,57,75,59,63,43,57,59,86,43,117,58,57,43,57,108,44,108,57,43,57,86,117,57,164,856,56,2303,553,188,19,2,78,274,9,37,186,34,47,146,118,52,30,108,108,147,59,308,120,30,35,130,183,34,166,33,120,70,49,57,107,118,311,112,2364,110,82,455,644,1890,114,91,55,105,120,125,104,120,108,125,120,129,131,50,156,169,59,31,344,335,120,114,125,89,120,155,51,49,36,318,41,23,28,42,88,59,32,73,60,49,59,59,96,1350,82,1552,1504,129,57,535,48,122,1219,214,8,63,90,24,13,13,60,96,19,610,305,18,678,380,229,156,360,876,80,104,143,734,35,113,27,65,117,104,117,102,113,83,82,66,87,118,86,122,86,119,464,86,80,104,97,86,113,119,116,84,127,81,115,126,83,83,84,119,64,64,65,65,72,87,85,84,105,87,102,118,65,86,65,87,104,103,71,105,87,40,44,103,87,111,104,87,84,103,114,105,65,119,119,568,119,122,280,120,81,65,57,60,76,80,63,86,111,127,111,127,96,82,78,126,81,84,82,86,111,126,84,119,235,71,38,112,130,111,45,78,119,53,104,87,104,120,102,104,109,70,71,38,45,78,119,53,119,118,112,112,119,112,119,119,109,109,80,128,122,109,106,103,105,48,105,105,104,104,105,103,223,113,87,109,89,86,99,126,260,211,72,191,85,225,61,84,32,59,39,68,28,95,16,18,16,16,145,97,32,84,102,104,104,88,104,80,20,16,13,17,15,14,19,23,37,71,25,36,23,88,71,46,135,57,30,32,17,20,106,69,82,80,82,70,70,79,462,70,93,2988,378,861,101,19,19,18,14,17,15,21,61,52,20,17,49,525,68,17,18,1832,78,644,56,57,56,55,61,64,58,66,67,57,63,485,1309,15,15,57,64,48,158,47,78,916,91,28,56,45,45,62,216,25,18,17,18,280,108,43,170,25,25,18,22,21,199,77,22,30,747,17,112,94,426,125,63,17,121,61,106,106,106,114,187,118,108,110,110,81,84,34,24,23,32,32,29,80,97,183,60,73,257,17,107,395,375,104,92,33,17,102,97,112,121,144,146,92,17,78,311,8,60,60,61,43,181,121,165,226,226,261,316,341,59,62,59,46,127,106,340,102,88,357,24,132,15,817,171,56,56,55,383,501,40,16,33,50,29,59,257,797,78,1326,72,227,81,23,799,73,179,26,17,473,119,1368,66,81,83,69,76,113,40,26,114,365,58,289,47,92,95,168,435,97,150,166,701,179,388,70,834,119,47,109,286,78,59,9,31,72,108,65,98,108,109,105,106,107,108,108,108,115,109,110,106,108,104,111,109,108,109,108,106,117,109,120,108,109,116,109,101,104,40,61,35,101,100,101,113,114,74,40,114,42,96,91,56,37,33,18,23,112,111,103,112,107,103,52,261,110,86,52,57,41,400,110,88,75,35,82,40,22,16,431,114,90,104,77,42,259,54,38,18,27,463,115,86,112,61,42,318,381,54,35,231,345,399,34,36,59,327,479,181,102,32,37,186,97,226,158,92,46,99,108,114,184,101,1335,303,262,59,60,61,47,48,61,14,47,79,58,59,201,15,136,62,59,178,941,506,884,119,23,46,20,35,169,21,170,16,23,8,93,49,46,49,428,283,19,637,54,53,152,50,330,758,153,73,58,61,56,61,71,130,8,70,77,447,462,54,255,64,62,401,680,16,330,67,1424,75,63,45,43,82,113,98,63,244,69,9,181,428,39,70,213,54,254,22,18,21,50,171,124,1416,58,69,16,37,255,40,189,2831,45,51,451,62,286,171,159,170,77,593,259,49,62,47,60,60,13,49,1045,29,734,226,71,170,324,115,191,85,14,102,1232,96,408,142,2912,113,113,113,113,113,113,113,242,545,98,1403,113,245,495,570,113,28,1406,113,92,296,258,86,89,373,2044,1279,350,312,976,194,107,61,61,62,60,56,86,581,57,118,62,679,312,1919,1778,1777,309,399,82,508,203,1927,34,23,29,20,47,124,148,151,148,23,26,26,19,6392,4338,4671,20,19,105,21,23,23,105,23,20,25,23,23,22,39,3794,824,48,38,49,50,21,21,1619,62,94,179,238,281,367,26,27,1707,690,99,2253,20,13,815,61,503,53,249,419,2947,2260,189,72,42,43,42,60,43,138,73,168,43,58,42,73,42,64,42,43,42,58,73,107,37,58,33,57,41,642,96,100,16,970,2304,553,19,2,78,58,205,186,34,262,34,35,108,37,108,138,46,296,38,91,120,43,31,170,158,40,57,90,252,118,326,112,2442,110,101,403,645,1828,71,120,84,120,124,323,30,132,50,156,38,341,146,120,328,231,41,3783,191,41,23,34,47,88,59,35,59,321,1316,100,1036,1547,128,188,58,60,578,2453,142,8,63,92,24,15,1021,22,504,355,18,666,787,205,1743,473,80,115,120,571,7,81,117,83,66,66,83,83,96,120,117,83,83,114,121,126,65,126,118,66,126,62,126,103,87,39,87,64,39,86,80,65,40,28,116,117,103,71,105,119,1078,120,120,80,64,80,64,56,80,81,55,86,126,65,91,114,126,64,235,66,44,132,66,44,62,53,50,118,112,57,119,119,109,119,109,23,109,304,143,128,104,102,108,106,103,105,104,105,104,104,105,104,2745,121,100,100,99,315,261,89,84,116,41,38,29,57,46,83,686,32,98,70,42,115,135,19,38,30,16,24,29,106,80,79,497,103,3037,378,743,914,427,31,17,14,14,20,14,21,19,50,525,18,3160,38,55,56,56,56,67,61,57,56,66,21,1099,18,92,15,157,69,916,660,177,104,748,1570,37,15,280,107,35,26,22,29,20,160,637,1001,94,882,190,19,121,59,225,761,58,102,127,187,132,114,106,85,81,97,29,34,38,330,91,257,17,815,334,209,112,176,18,28,78,124,144,126,99,100,112,100,16,42,41,41,282,1091,8,59,55,181,450,228,246,260,304,62,53,59,908,106,354,102,88,322,24,75,15,1342,56,56,58,66,56,63,58,55,56,404,501,40,79,16,146,69,59,257,842,24,1326,164,224,107,1014,40,1034,86,179,26,17,913,119,66,131,42,2514,51,47,92,94,168,2238,96,150,127,702,377,388,833,119,463,23,246,250,302,172,4501,45,45,27,50,98,38,109,66,121,35,108,105,39,108,115,109,121,109,109,108,72,112,109,108,109,116,109,116,111,108,109,109,128,128,108,71,116,109,109,43,38,46,101,113,114,72,122,40,101,122,39,42,67,91,57,42,42,54,37,59,31,65,26,33,60,563,117,1647,111,88,752,646,110,112,79,41,40,110,102,119,235,23,56,27,400,110,89,114,118,259,306,293,86,73,42,43,25,24,387,82,32,56,131,56,33,29,187,35,35,35,23,65,287,207,103,93,154,187,100,88,110,88,33,83,1461,2632,49,60,135,62,47,63,15,11,649,69,70,51,59,367,825,506,879,119,23,41,169,25,753,14,8,63,60,50,76,41,57,428,329,598,2082,56,52,139,155,56,233,153,91,58,61,176,61,59,130,9,70,21,349,463,357,295,188,617,679,16,330,224,461,70,113,78,273,113,8,181,283,69,9,181,426,36,70,53,70,53,76,11,21,50,110,461,1875,58,9,16,463,168,2603,910,42,295,595,389,241,241,79,383,233,50,63,13,1037,712,173,172,150,299,109,159,102,1501,1083,69,181,2912,113,119,152,113,152,113,113,113,113,113,247,57,1796,113,245,317,1493,113,52,113,172,97,576,216,295,665,2940,2197,119,2037,81,152,814,194,2838,57,94,116,672,119,119,391,119,1778,91,2015,436,2031,203,1669,132,21,20,126,129,106,21,21,23,26,5232,3314,3485,19,105,18,23,23,215,23,23,66,3218,825,35,38,39,50,20,480,24,226,266,278,365,1878,0,99,2395,20,13,61,731,365,61,925,346,1070,419,3144,74,2677,980,400,57,84,64,86,73,108,73,64,49,108,73,57,58,86,123,57,61,47,106,226,123,2788,2304,14,553,19,2,9,186,34,108,108,147,54,296,43,118,31,17,39,91,254,506,198,1240,110,98,840,2622,3102,35,29,120,94,120,108,767,50,120,129,598,252,45,57,69,58,8,48,322,1345,100,1036,1510,120,884,635,1326,141,323,8,90,23,9,60,3022,960,57,580,805,156,74,854,80,118,940,7,68,112,158,82,66,68,137,87,85,128,113,122,25,117,117,114,126,83,83,96,66,82,62,82,119,86,83,103,113,84,39,82,103,86,83,87,29,39,84,87,102,39,119,1133,281,83,132,120,94,141,73,126,82,71,39,131,87,111,122,127,64,83,144,56,43,116,111,38,119,56,118,112,119,119,109,249,23,109,133,2604,98,92,105,105,105,105,105,104,105,103,215,129,216,69,100,101,102,349,76,84,316,89,85,89,86,140,116,61,41,60,59,36,68,27,47,144,57,95,96,26,24,51,38,22,56,80,434,1211,553,29,27,775,80,80,69,78,463,499,103,3095,1870,1749,355,3076,28,19,892,2125,591,17,98,39,56,56,56,62,63,66,62,300,1181,15,15,25,69,355,573,1583,170,27,35,21,482,1939,37,257,262,33,29,29,219,76,1015,94,1011,94,19,467,225,133,103,107,98,98,132,812,120,114,104,107,103,302,127,438,368,814,337,209,96,48,26,691,288,106,124,144,102,99,188,148,331,100,1091,88,73,1091,8,59,47,180,158,246,260,370,295,14,38,59,340,102,88,317,24,71,15,2267,57,56,56,57,56,55,56,55,58,72,60,59,57,382,501,66,23,16,146,69,48,337,756,72,1325,226,101,103,20,874,86,170,26,1538,119,66,131,2621,990,92,81,4274,97,150,325,856,433,388,833,119,257,24,247,293,291,167,4331,45,98,108,106,109,121,108,115,110,110,119,110,108,119,109,109,116,109,37,95,62,39,113,113,115,116,112,64,44,33,37,114,59,96,60,44,4126,42,42,42,37,59,39,29,112,88,74,337,107,299,112,166,58,24,276,88,109,35,112,197,261,696,110,107,38,47,256,306,393,104,35,245,80,43,25,162,400,32,243,69,381,39,373,103,33,56,99,248,203,199,224,83,35,157,159,107,32,1459,1243,307,61,62,59,50,63,15,596,132,659,40,136,60,367,856,506,896,119,24,49,22,169,916,52,8,63,76,88,57,428,283,597,2073,54,57,152,101,1427,131,73,61,177,342,59,130,9,21,357,352,366,618,471,16,330,97,73,86,82,8,181,69,9,36,55,77,70,53,53,76,11,21,318,110,464,1414,58,69,629,228,767,695,2489,59,209,680,449,156,171,171,227,541,296,11,1208,3017,602,236,90,97,361,147,102,1560,335,55,142,2912,113,113,113,113,113,113,113,247,42,1405,113,29,113,25,113,47,109,2393,1585,847,2062,2898,2530,543,193,1283,116,116,1776,368,117,1750,1984,62,1776,1830,1777,
