Core, 0
Cumulative Cycles, 6079658             
Cumulative Instructions, 20000000            
Cumulative IPC, 3.28966
Periodic Cycles, 2851806             
Periodic Instructions, 10000000            
Periodic IPC, 3.50655

BTB_ON_PATH_MISS_count,          8891
BTB_ON_PATH_MISS_pct,        2.051
BTB_ON_PATH_MISS_total_count,         14447
BTB_ON_PATH_MISS_total_pct,        1.588

BTB_ON_PATH_HIT_count,        424545
BTB_ON_PATH_HIT_pct,       97.949
BTB_ON_PATH_HIT_total_count,        895444
BTB_ON_PATH_HIT_total_pct,       98.412
BTB_ON_PATH_HIT_sum_count,        433436
BTB_ON_PATH_HIT_sum_pct,      100.000
BTB_ON_PATH_HIT_sum_total_count,        909891
BTB_ON_PATH_HIT_sum_total_pct,      100.000
BTB_ON_PATH_HIT_mean,         0.98
BTB_ON_PATH_HIT_stddev,         0.97
BTB_ON_PATH_HIT_total_mean,         0.98
BTB_ON_PATH_HIT_total_stddev,         0.98

BTB_OFF_PATH_MISS_count,         21371
BTB_OFF_PATH_MISS_pct,        3.257
BTB_OFF_PATH_MISS_total_count,         39591
BTB_OFF_PATH_MISS_total_pct,        2.838

BTB_OFF_PATH_HIT_count,        634838
BTB_OFF_PATH_HIT_pct,       96.743
BTB_OFF_PATH_HIT_total_count,       1355314
BTB_OFF_PATH_HIT_total_pct,       97.162
BTB_OFF_PATH_HIT_sum_count,        656209
BTB_OFF_PATH_HIT_sum_pct,      100.000
BTB_OFF_PATH_HIT_sum_total_count,       1394905
BTB_OFF_PATH_HIT_sum_total_pct,      100.000
BTB_OFF_PATH_HIT_mean,         0.97
BTB_OFF_PATH_HIT_stddev,         0.95
BTB_OFF_PATH_HIT_total_mean,         0.97
BTB_OFF_PATH_HIT_total_stddev,         0.96

BTB_ON_PATH_WRITE_count,             8
BTB_ON_PATH_WRITE_pct,      100.000
BTB_ON_PATH_WRITE_total_count,           140
BTB_ON_PATH_WRITE_total_pct,       71.795

BTB_OFF_PATH_WRITE_count,             0
BTB_OFF_PATH_WRITE_pct,        0.000
BTB_OFF_PATH_WRITE_total_count,            55
BTB_OFF_PATH_WRITE_total_pct,       28.205
BTB_OFF_PATH_WRITE_sum_count,             8
BTB_OFF_PATH_WRITE_sum_pct,      100.000
BTB_OFF_PATH_WRITE_sum_total_count,           195
BTB_OFF_PATH_WRITE_sum_total_pct,      100.000
BTB_OFF_PATH_WRITE_mean,         0.00
BTB_OFF_PATH_WRITE_stddev,         0.00
BTB_OFF_PATH_WRITE_total_mean,         0.28
BTB_OFF_PATH_WRITE_total_stddev,         0.41

BP_ON_PATH_CORRECT_count,        415361
BP_ON_PATH_CORRECT_pct,       95.830
BP_ON_PATH_CORRECT_total_count,        871649
BP_ON_PATH_CORRECT_total_pct,       95.797

BP_ON_PATH_MISPREDICT_count,         18075
BP_ON_PATH_MISPREDICT_pct,        4.170
BP_ON_PATH_MISPREDICT_total_count,         38242
BP_ON_PATH_MISPREDICT_total_pct,        4.203

BP_ON_PATH_MISFETCH_count,             0
BP_ON_PATH_MISFETCH_pct,        0.000
BP_ON_PATH_MISFETCH_total_count,             0
BP_ON_PATH_MISFETCH_total_pct,        0.000
BP_ON_PATH_MISFETCH_sum_count,        433436
BP_ON_PATH_MISFETCH_sum_pct,      100.000
BP_ON_PATH_MISFETCH_sum_total_count,        909891
BP_ON_PATH_MISFETCH_sum_total_pct,      100.000
BP_ON_PATH_MISFETCH_mean,         0.04
BP_ON_PATH_MISFETCH_stddev,         0.20
BP_ON_PATH_MISFETCH_total_mean,         0.04
BP_ON_PATH_MISFETCH_total_stddev,         0.20

BP_OFF_PATH_CORRECT_count,        656164
BP_OFF_PATH_CORRECT_pct,       99.993
BP_OFF_PATH_CORRECT_total_count,       1394597
BP_OFF_PATH_CORRECT_total_pct,       99.978

BP_OFF_PATH_MISPREDICT_count,             0
BP_OFF_PATH_MISPREDICT_pct,        0.000
BP_OFF_PATH_MISPREDICT_total_count,           223
BP_OFF_PATH_MISPREDICT_total_pct,        0.016

BP_OFF_PATH_MISFETCH_count,            45
BP_OFF_PATH_MISFETCH_pct,        0.007
BP_OFF_PATH_MISFETCH_total_count,            85
BP_OFF_PATH_MISFETCH_total_pct,        0.006
BP_OFF_PATH_MISFETCH_sum_count,        656209
BP_OFF_PATH_MISFETCH_sum_pct,      100.000
BP_OFF_PATH_MISFETCH_sum_total_count,       1394905
BP_OFF_PATH_MISFETCH_sum_total_pct,      100.000
BP_OFF_PATH_MISFETCH_mean,         0.00
BP_OFF_PATH_MISFETCH_stddev,         0.02
BP_OFF_PATH_MISFETCH_total_mean,         0.00
BP_OFF_PATH_MISFETCH_total_stddev,         0.02

LATE_BP_ON_PATH_CORRECT_count,        433436
LATE_BP_ON_PATH_CORRECT_pct,      100.000
LATE_BP_ON_PATH_CORRECT_total_count,        909891
LATE_BP_ON_PATH_CORRECT_total_pct,      100.000

LATE_BP_ON_PATH_MISPREDICT_count,             0
LATE_BP_ON_PATH_MISPREDICT_pct,        0.000
LATE_BP_ON_PATH_MISPREDICT_total_count,             0
LATE_BP_ON_PATH_MISPREDICT_total_pct,        0.000

LATE_BP_ON_PATH_MISFETCH_count,             0
LATE_BP_ON_PATH_MISFETCH_pct,        0.000
LATE_BP_ON_PATH_MISFETCH_total_count,             0
LATE_BP_ON_PATH_MISFETCH_total_pct,        0.000
LATE_BP_ON_PATH_MISFETCH_sum_count,        433436
LATE_BP_ON_PATH_MISFETCH_sum_pct,      100.000
LATE_BP_ON_PATH_MISFETCH_sum_total_count,        909891
LATE_BP_ON_PATH_MISFETCH_sum_total_pct,      100.000
LATE_BP_ON_PATH_MISFETCH_mean,         0.00
LATE_BP_ON_PATH_MISFETCH_stddev,         0.00
LATE_BP_ON_PATH_MISFETCH_total_mean,         0.00
LATE_BP_ON_PATH_MISFETCH_total_stddev,         0.00

LATE_BP_OFF_PATH_CORRECT_count,        656209
LATE_BP_OFF_PATH_CORRECT_pct,      100.000
LATE_BP_OFF_PATH_CORRECT_total_count,       1394905
LATE_BP_OFF_PATH_CORRECT_total_pct,      100.000

LATE_BP_OFF_PATH_MISPREDICT_count,             0
LATE_BP_OFF_PATH_MISPREDICT_pct,        0.000
LATE_BP_OFF_PATH_MISPREDICT_total_count,             0
LATE_BP_OFF_PATH_MISPREDICT_total_pct,        0.000

LATE_BP_OFF_PATH_MISFETCH_count,             0
LATE_BP_OFF_PATH_MISFETCH_pct,        0.000
LATE_BP_OFF_PATH_MISFETCH_total_count,             0
LATE_BP_OFF_PATH_MISFETCH_total_pct,        0.000
LATE_BP_OFF_PATH_MISFETCH_sum_count,        656209
LATE_BP_OFF_PATH_MISFETCH_sum_pct,      100.000
LATE_BP_OFF_PATH_MISFETCH_sum_total_count,       1394905
LATE_BP_OFF_PATH_MISFETCH_sum_total_pct,      100.000
LATE_BP_OFF_PATH_MISFETCH_mean,         0.00
LATE_BP_OFF_PATH_MISFETCH_stddev,         0.00
LATE_BP_OFF_PATH_MISFETCH_total_mean,         0.00
LATE_BP_OFF_PATH_MISFETCH_total_stddev,         0.00

BP_ON_PATH_CONF_PVN_count,             0
BP_ON_PATH_CONF_PVN_pct,         -nan
BP_ON_PATH_CONF_PVN_total_count,             0
BP_ON_PATH_CONF_PVN_total_pct,         -nan

BP_ON_PATH_CONF_PVN_BOT_count,             0
BP_ON_PATH_CONF_PVN_BOT_pct,         -nan
BP_ON_PATH_CONF_PVN_BOT_total_count,             0
BP_ON_PATH_CONF_PVN_BOT_total_pct,         -nan
BP_ON_PATH_CONF_PVN_BOT_sum_count,             0
BP_ON_PATH_CONF_PVN_BOT_sum_pct,         -nan
BP_ON_PATH_CONF_PVN_BOT_sum_total_count,             0
BP_ON_PATH_CONF_PVN_BOT_sum_total_pct,         -nan
BP_ON_PATH_CONF_PVN_BOT_mean,         -nan
BP_ON_PATH_CONF_PVN_BOT_stddev,         -nan
BP_ON_PATH_CONF_PVN_BOT_total_mean,         -nan
BP_ON_PATH_CONF_PVN_BOT_total_stddev,         -nan

BP_ON_PATH_CONF_PVP_count,             0
BP_ON_PATH_CONF_PVP_pct,         -nan
BP_ON_PATH_CONF_PVP_total_count,             0
BP_ON_PATH_CONF_PVP_total_pct,         -nan

BP_ON_PATH_CONF_PVP_BOT_count,             0
BP_ON_PATH_CONF_PVP_BOT_pct,         -nan
BP_ON_PATH_CONF_PVP_BOT_total_count,             0
BP_ON_PATH_CONF_PVP_BOT_total_pct,         -nan
BP_ON_PATH_CONF_PVP_BOT_sum_count,             0
BP_ON_PATH_CONF_PVP_BOT_sum_pct,         -nan
BP_ON_PATH_CONF_PVP_BOT_sum_total_count,             0
BP_ON_PATH_CONF_PVP_BOT_sum_total_pct,         -nan
BP_ON_PATH_CONF_PVP_BOT_mean,         -nan
BP_ON_PATH_CONF_PVP_BOT_stddev,         -nan
BP_ON_PATH_CONF_PVP_BOT_total_mean,         -nan
BP_ON_PATH_CONF_PVP_BOT_total_stddev,         -nan

BP_ON_PATH_CONF_SPEC_count,             0
BP_ON_PATH_CONF_SPEC_pct,         -nan
BP_ON_PATH_CONF_SPEC_total_count,             0
BP_ON_PATH_CONF_SPEC_total_pct,         -nan

BP_ON_PATH_CONF_SPEC_BOT_count,             0
BP_ON_PATH_CONF_SPEC_BOT_pct,         -nan
BP_ON_PATH_CONF_SPEC_BOT_total_count,             0
BP_ON_PATH_CONF_SPEC_BOT_total_pct,         -nan
BP_ON_PATH_CONF_SPEC_BOT_sum_count,             0
BP_ON_PATH_CONF_SPEC_BOT_sum_pct,         -nan
BP_ON_PATH_CONF_SPEC_BOT_sum_total_count,             0
BP_ON_PATH_CONF_SPEC_BOT_sum_total_pct,         -nan
BP_ON_PATH_CONF_SPEC_BOT_mean,         -nan
BP_ON_PATH_CONF_SPEC_BOT_stddev,         -nan
BP_ON_PATH_CONF_SPEC_BOT_total_mean,         -nan
BP_ON_PATH_CONF_SPEC_BOT_total_stddev,         -nan

CRS_MISS_ON_PATH_count,             0
CRS_MISS_ON_PATH_pct,        0.000
CRS_MISS_ON_PATH_total_count,             2
CRS_MISS_ON_PATH_total_pct,        5.556

CRS_HIT_ON_PATH_count,            16
CRS_HIT_ON_PATH_pct,      100.000
CRS_HIT_ON_PATH_total_count,            34
CRS_HIT_ON_PATH_total_pct,       94.444
CRS_HIT_ON_PATH_sum_count,            16
CRS_HIT_ON_PATH_sum_pct,      100.000
CRS_HIT_ON_PATH_sum_total_count,            36
CRS_HIT_ON_PATH_sum_total_pct,      100.000
CRS_HIT_ON_PATH_mean,         1.00
CRS_HIT_ON_PATH_stddev,         1.03
CRS_HIT_ON_PATH_total_mean,         0.94
CRS_HIT_ON_PATH_total_stddev,         0.93

CRS_MISS_OFF_PATH_count,            45
CRS_MISS_OFF_PATH_pct,       47.368
CRS_MISS_OFF_PATH_total_count,           145
CRS_MISS_OFF_PATH_total_pct,       57.087

CRS_HIT_OFF_PATH_count,            50
CRS_HIT_OFF_PATH_pct,       52.632
CRS_HIT_OFF_PATH_total_count,           109
CRS_HIT_OFF_PATH_total_pct,       42.913
CRS_HIT_OFF_PATH_sum_count,            95
CRS_HIT_OFF_PATH_sum_pct,      100.000
CRS_HIT_OFF_PATH_sum_total_count,           254
CRS_HIT_OFF_PATH_sum_total_pct,      100.000
CRS_HIT_OFF_PATH_mean,         0.53
CRS_HIT_OFF_PATH_stddev,         0.52
CRS_HIT_OFF_PATH_total_mean,         0.43
CRS_HIT_OFF_PATH_total_stddev,         0.47

CRS_CLOBBER_count,             0
CRS_CLOBBER_total_count,             0

TARG_ON_PATH_MISS_count,             2
TARG_ON_PATH_MISS_pct,       50.000
TARG_ON_PATH_MISS_total_count,             4
TARG_ON_PATH_MISS_total_pct,       66.667

TARG_ON_PATH_HIT_count,             2
TARG_ON_PATH_HIT_pct,       50.000
TARG_ON_PATH_HIT_total_count,             2
TARG_ON_PATH_HIT_total_pct,       33.333
TARG_ON_PATH_HIT_sum_count,             4
TARG_ON_PATH_HIT_sum_pct,      100.000
TARG_ON_PATH_HIT_sum_total_count,             6
TARG_ON_PATH_HIT_sum_total_pct,      100.000
TARG_ON_PATH_HIT_mean,         0.50
TARG_ON_PATH_HIT_stddev,         0.58
TARG_ON_PATH_HIT_total_mean,         0.33
TARG_ON_PATH_HIT_total_stddev,         0.47

TARG_OFF_PATH_MISS_count,             7
TARG_OFF_PATH_MISS_pct,       70.000
TARG_OFF_PATH_MISS_total_count,            17
TARG_OFF_PATH_MISS_total_pct,       77.273

TARG_OFF_PATH_HIT_count,             3
TARG_OFF_PATH_HIT_pct,       30.000
TARG_OFF_PATH_HIT_total_count,             5
TARG_OFF_PATH_HIT_total_pct,       22.727
TARG_OFF_PATH_HIT_sum_count,            10
TARG_OFF_PATH_HIT_sum_pct,      100.000
TARG_OFF_PATH_HIT_sum_total_count,            22
TARG_OFF_PATH_HIT_sum_total_pct,      100.000
TARG_OFF_PATH_HIT_mean,         0.30
TARG_OFF_PATH_HIT_stddev,         0.44
TARG_OFF_PATH_HIT_total_mean,         0.23
TARG_OFF_PATH_HIT_total_stddev,         0.39

TARG_ON_PATH_WRITE_count,             4
TARG_ON_PATH_WRITE_pct,      100.000
TARG_ON_PATH_WRITE_total_count,             6
TARG_ON_PATH_WRITE_total_pct,       85.714

TARG_OFF_PATH_WRITE_count,             0
TARG_OFF_PATH_WRITE_pct,        0.000
TARG_OFF_PATH_WRITE_total_count,             1
TARG_OFF_PATH_WRITE_total_pct,       14.286
TARG_OFF_PATH_WRITE_sum_count,             4
TARG_OFF_PATH_WRITE_sum_pct,      100.000
TARG_OFF_PATH_WRITE_sum_total_count,             7
TARG_OFF_PATH_WRITE_sum_total_pct,      100.000
TARG_OFF_PATH_WRITE_mean,         0.00
TARG_OFF_PATH_WRITE_stddev,         0.00
TARG_OFF_PATH_WRITE_total_mean,         0.14
TARG_OFF_PATH_WRITE_total_stddev,         0.35

TARG_HYBRID_CORRECT_TAGLESS_count,             0
TARG_HYBRID_CORRECT_TAGLESS_pct,         -nan
TARG_HYBRID_CORRECT_TAGLESS_total_count,             0
TARG_HYBRID_CORRECT_TAGLESS_total_pct,         -nan

TARG_HYBRID_CORRECT_TAGGED_count,             0
TARG_HYBRID_CORRECT_TAGGED_pct,         -nan
TARG_HYBRID_CORRECT_TAGGED_total_count,             0
TARG_HYBRID_CORRECT_TAGGED_total_pct,         -nan

TARG_HYBRID_MISPRED_TAGLESS_count,             0
TARG_HYBRID_MISPRED_TAGLESS_pct,         -nan
TARG_HYBRID_MISPRED_TAGLESS_total_count,             0
TARG_HYBRID_MISPRED_TAGLESS_total_pct,         -nan

TARG_HYBRID_MISPRED_TAGGED_count,             0
TARG_HYBRID_MISPRED_TAGGED_pct,         -nan
TARG_HYBRID_MISPRED_TAGGED_total_count,             0
TARG_HYBRID_MISPRED_TAGGED_total_pct,         -nan

TARG_HYBRID_NO_PRED_count,             0
TARG_HYBRID_NO_PRED_pct,         -nan
TARG_HYBRID_NO_PRED_total_count,             0
TARG_HYBRID_NO_PRED_total_pct,         -nan
TARG_HYBRID_NO_PRED_sum_count,             0
TARG_HYBRID_NO_PRED_sum_pct,         -nan
TARG_HYBRID_NO_PRED_sum_total_count,             0
TARG_HYBRID_NO_PRED_sum_total_pct,         -nan
TARG_HYBRID_NO_PRED_mean,         -nan
TARG_HYBRID_NO_PRED_stddev,         -nan
TARG_HYBRID_NO_PRED_total_mean,         -nan
TARG_HYBRID_NO_PRED_total_stddev,         -nan

TARG_VP_INDIRECT_MISPRED_count,             0
TARG_VP_INDIRECT_MISPRED_pct,         -nan
TARG_VP_INDIRECT_MISPRED_total_count,             0
TARG_VP_INDIRECT_MISPRED_total_pct,         -nan

TARG_VP_INDIRECT_NOPRED_count,             0
TARG_VP_INDIRECT_NOPRED_pct,         -nan
TARG_VP_INDIRECT_NOPRED_total_count,             0
TARG_VP_INDIRECT_NOPRED_total_pct,         -nan

TARG_VP_INDIRECT_CORRECT_count,             0
TARG_VP_INDIRECT_CORRECT_pct,         -nan
TARG_VP_INDIRECT_CORRECT_total_count,             0
TARG_VP_INDIRECT_CORRECT_total_pct,         -nan
TARG_VP_INDIRECT_CORRECT_sum_count,             0
TARG_VP_INDIRECT_CORRECT_sum_pct,         -nan
TARG_VP_INDIRECT_CORRECT_sum_total_count,             0
TARG_VP_INDIRECT_CORRECT_sum_total_pct,         -nan
TARG_VP_INDIRECT_CORRECT_mean,         -nan
TARG_VP_INDIRECT_CORRECT_stddev,         -nan
TARG_VP_INDIRECT_CORRECT_total_mean,         -nan
TARG_VP_INDIRECT_CORRECT_total_stddev,         -nan

CBR_ON_PATH_CORRECT_count,        365858
CBR_ON_PATH_CORRECT_pct,       95.292
CBR_ON_PATH_CORRECT_total_count,        757496
CBR_ON_PATH_CORRECT_total_pct,       95.199

CBR_ON_PATH_MISPREDICT_count,         18075
CBR_ON_PATH_MISPREDICT_pct,        4.708
CBR_ON_PATH_MISPREDICT_total_count,         38198
CBR_ON_PATH_MISPREDICT_total_pct,        4.801
CBR_ON_PATH_MISPREDICT_sum_count,        383933
CBR_ON_PATH_MISPREDICT_sum_pct,      100.000
CBR_ON_PATH_MISPREDICT_sum_total_count,        795694
CBR_ON_PATH_MISPREDICT_sum_total_pct,      100.000
CBR_ON_PATH_MISPREDICT_mean,         0.05
CBR_ON_PATH_MISPREDICT_stddev,         0.21
CBR_ON_PATH_MISPREDICT_total_mean,         0.05
CBR_ON_PATH_MISPREDICT_total_stddev,         0.21

CBR_OFF_PATH_CORRECT_count,        542924
CBR_OFF_PATH_CORRECT_pct,      100.000
CBR_OFF_PATH_CORRECT_total_count,       1159613
CBR_OFF_PATH_CORRECT_total_pct,       99.989

CBR_OFF_PATH_MISPREDICT_count,             0
CBR_OFF_PATH_MISPREDICT_pct,        0.000
CBR_OFF_PATH_MISPREDICT_total_count,           130
CBR_OFF_PATH_MISPREDICT_total_pct,        0.011
CBR_OFF_PATH_MISPREDICT_sum_count,        542924
CBR_OFF_PATH_MISPREDICT_sum_pct,      100.000
CBR_OFF_PATH_MISPREDICT_sum_total_count,       1159743
CBR_OFF_PATH_MISPREDICT_sum_total_pct,      100.000
CBR_OFF_PATH_MISPREDICT_mean,         0.00
CBR_OFF_PATH_MISPREDICT_stddev,         0.00
CBR_OFF_PATH_MISPREDICT_total_mean,         0.00
CBR_OFF_PATH_MISPREDICT_total_stddev,         0.01

CBR_ON_PATH_CORRECT_PER1000INST_count,        365858
CBR_ON_PATH_CORRECT_PER1000INST_pct,       18.293
CBR_ON_PATH_CORRECT_PER1000INST_total_count,        757496
CBR_ON_PATH_CORRECT_PER1000INST_total_pct,       37.875

CBR_ON_PATH_MISPREDICT_PER1000INST_count,         18075
CBR_ON_PATH_MISPREDICT_PER1000INST_pct,        0.904
CBR_ON_PATH_MISPREDICT_PER1000INST_total_count,         38198
CBR_ON_PATH_MISPREDICT_PER1000INST_total_pct,        1.910

PRED_TO_UPDATE_CYCLES_0_count,             0
PRED_TO_UPDATE_CYCLES_0_pct,         -nan
PRED_TO_UPDATE_CYCLES_0_total_count,             0
PRED_TO_UPDATE_CYCLES_0_total_pct,         -nan

PRED_TO_UPDATE_CYCLES_1_count,             0
PRED_TO_UPDATE_CYCLES_1_pct,         -nan
PRED_TO_UPDATE_CYCLES_1_total_count,             0
PRED_TO_UPDATE_CYCLES_1_total_pct,         -nan

PRED_TO_UPDATE_CYCLES_2_count,             0
PRED_TO_UPDATE_CYCLES_2_pct,         -nan
PRED_TO_UPDATE_CYCLES_2_total_count,             0
PRED_TO_UPDATE_CYCLES_2_total_pct,         -nan

PRED_TO_UPDATE_CYCLES_3_count,             0
PRED_TO_UPDATE_CYCLES_3_pct,         -nan
PRED_TO_UPDATE_CYCLES_3_total_count,             0
PRED_TO_UPDATE_CYCLES_3_total_pct,         -nan

PRED_TO_UPDATE_CYCLES_4_count,             0
PRED_TO_UPDATE_CYCLES_4_pct,         -nan
PRED_TO_UPDATE_CYCLES_4_total_count,             0
PRED_TO_UPDATE_CYCLES_4_total_pct,         -nan

PRED_TO_UPDATE_CYCLES_5_count,             0
PRED_TO_UPDATE_CYCLES_5_pct,         -nan
PRED_TO_UPDATE_CYCLES_5_total_count,             0
PRED_TO_UPDATE_CYCLES_5_total_pct,         -nan

PRED_TO_UPDATE_CYCLES_6_count,             0
PRED_TO_UPDATE_CYCLES_6_pct,         -nan
PRED_TO_UPDATE_CYCLES_6_total_count,             0
PRED_TO_UPDATE_CYCLES_6_total_pct,         -nan

PRED_TO_UPDATE_CYCLES_7_count,             0
PRED_TO_UPDATE_CYCLES_7_pct,         -nan
PRED_TO_UPDATE_CYCLES_7_total_count,             0
PRED_TO_UPDATE_CYCLES_7_total_pct,         -nan

PRED_TO_UPDATE_CYCLES_8_count,             0
PRED_TO_UPDATE_CYCLES_8_pct,         -nan
PRED_TO_UPDATE_CYCLES_8_total_count,             0
PRED_TO_UPDATE_CYCLES_8_total_pct,         -nan

PRED_TO_UPDATE_CYCLES_9_count,             0
PRED_TO_UPDATE_CYCLES_9_pct,         -nan
PRED_TO_UPDATE_CYCLES_9_total_count,             0
PRED_TO_UPDATE_CYCLES_9_total_pct,         -nan

PRED_TO_UPDATE_CYCLES_10_count,             0
PRED_TO_UPDATE_CYCLES_10_pct,         -nan
PRED_TO_UPDATE_CYCLES_10_total_count,             0
PRED_TO_UPDATE_CYCLES_10_total_pct,         -nan

PRED_TO_UPDATE_CYCLES_11_count,             0
PRED_TO_UPDATE_CYCLES_11_pct,         -nan
PRED_TO_UPDATE_CYCLES_11_total_count,             0
PRED_TO_UPDATE_CYCLES_11_total_pct,         -nan

PRED_TO_UPDATE_CYCLES_12_count,             0
PRED_TO_UPDATE_CYCLES_12_pct,         -nan
PRED_TO_UPDATE_CYCLES_12_total_count,             0
PRED_TO_UPDATE_CYCLES_12_total_pct,         -nan

PRED_TO_UPDATE_CYCLES_13_count,             0
PRED_TO_UPDATE_CYCLES_13_pct,         -nan
PRED_TO_UPDATE_CYCLES_13_total_count,             0
PRED_TO_UPDATE_CYCLES_13_total_pct,         -nan

PRED_TO_UPDATE_CYCLES_14_count,             0
PRED_TO_UPDATE_CYCLES_14_pct,         -nan
PRED_TO_UPDATE_CYCLES_14_total_count,             0
PRED_TO_UPDATE_CYCLES_14_total_pct,         -nan

PRED_TO_UPDATE_CYCLES_15_count,             0
PRED_TO_UPDATE_CYCLES_15_pct,         -nan
PRED_TO_UPDATE_CYCLES_15_total_count,             0
PRED_TO_UPDATE_CYCLES_15_total_pct,         -nan

PRED_TO_UPDATE_CYCLES_16_count,             0
PRED_TO_UPDATE_CYCLES_16_pct,         -nan
PRED_TO_UPDATE_CYCLES_16_total_count,             0
PRED_TO_UPDATE_CYCLES_16_total_pct,         -nan

PRED_TO_UPDATE_CYCLES_17_count,             0
PRED_TO_UPDATE_CYCLES_17_pct,         -nan
PRED_TO_UPDATE_CYCLES_17_total_count,             0
PRED_TO_UPDATE_CYCLES_17_total_pct,         -nan

PRED_TO_UPDATE_CYCLES_18_count,             0
PRED_TO_UPDATE_CYCLES_18_pct,         -nan
PRED_TO_UPDATE_CYCLES_18_total_count,             0
PRED_TO_UPDATE_CYCLES_18_total_pct,         -nan

PRED_TO_UPDATE_CYCLES_19_count,             0
PRED_TO_UPDATE_CYCLES_19_pct,         -nan
PRED_TO_UPDATE_CYCLES_19_total_count,             0
PRED_TO_UPDATE_CYCLES_19_total_pct,         -nan

PRED_TO_UPDATE_CYCLES_20_count,             0
PRED_TO_UPDATE_CYCLES_20_pct,         -nan
PRED_TO_UPDATE_CYCLES_20_total_count,             0
PRED_TO_UPDATE_CYCLES_20_total_pct,         -nan

PRED_TO_UPDATE_CYCLES_21_count,             0
PRED_TO_UPDATE_CYCLES_21_pct,         -nan
PRED_TO_UPDATE_CYCLES_21_total_count,             0
PRED_TO_UPDATE_CYCLES_21_total_pct,         -nan

PRED_TO_UPDATE_CYCLES_22_count,             0
PRED_TO_UPDATE_CYCLES_22_pct,         -nan
PRED_TO_UPDATE_CYCLES_22_total_count,             0
PRED_TO_UPDATE_CYCLES_22_total_pct,         -nan

PRED_TO_UPDATE_CYCLES_23_count,             0
PRED_TO_UPDATE_CYCLES_23_pct,         -nan
PRED_TO_UPDATE_CYCLES_23_total_count,             0
PRED_TO_UPDATE_CYCLES_23_total_pct,         -nan

PRED_TO_UPDATE_CYCLES_24_count,             0
PRED_TO_UPDATE_CYCLES_24_pct,         -nan
PRED_TO_UPDATE_CYCLES_24_total_count,             0
PRED_TO_UPDATE_CYCLES_24_total_pct,         -nan

PRED_TO_UPDATE_CYCLES_25_count,             0
PRED_TO_UPDATE_CYCLES_25_pct,         -nan
PRED_TO_UPDATE_CYCLES_25_total_count,             0
PRED_TO_UPDATE_CYCLES_25_total_pct,         -nan

PRED_TO_UPDATE_CYCLES_26_count,             0
PRED_TO_UPDATE_CYCLES_26_pct,         -nan
PRED_TO_UPDATE_CYCLES_26_total_count,             0
PRED_TO_UPDATE_CYCLES_26_total_pct,         -nan

PRED_TO_UPDATE_CYCLES_27_count,             0
PRED_TO_UPDATE_CYCLES_27_pct,         -nan
PRED_TO_UPDATE_CYCLES_27_total_count,             0
PRED_TO_UPDATE_CYCLES_27_total_pct,         -nan

PRED_TO_UPDATE_CYCLES_28_count,             0
PRED_TO_UPDATE_CYCLES_28_pct,         -nan
PRED_TO_UPDATE_CYCLES_28_total_count,             0
PRED_TO_UPDATE_CYCLES_28_total_pct,         -nan

PRED_TO_UPDATE_CYCLES_29_count,             0
PRED_TO_UPDATE_CYCLES_29_pct,         -nan
PRED_TO_UPDATE_CYCLES_29_total_count,             0
PRED_TO_UPDATE_CYCLES_29_total_pct,         -nan

PRED_TO_UPDATE_CYCLES_30_count,             0
PRED_TO_UPDATE_CYCLES_30_pct,         -nan
PRED_TO_UPDATE_CYCLES_30_total_count,             0
PRED_TO_UPDATE_CYCLES_30_total_pct,         -nan
PRED_TO_UPDATE_CYCLES_30_sum_count,             0
PRED_TO_UPDATE_CYCLES_30_sum_pct,         -nan
PRED_TO_UPDATE_CYCLES_30_sum_total_count,             0
PRED_TO_UPDATE_CYCLES_30_sum_total_pct,         -nan
PRED_TO_UPDATE_CYCLES_30_mean,         -nan
PRED_TO_UPDATE_CYCLES_30_stddev,         -nan
PRED_TO_UPDATE_CYCLES_30_total_mean,         -nan
PRED_TO_UPDATE_CYCLES_30_total_stddev,         -nan

BP_CORRECTED_count,             0
BP_CORRECTED_pct,         -nan
BP_CORRECTED_total_count,             0
BP_CORRECTED_total_pct,         -nan

BP_NOT_CORRECTED_count,             0
BP_NOT_CORRECTED_pct,         -nan
BP_NOT_CORRECTED_total_count,             0
BP_NOT_CORRECTED_total_pct,         -nan
BP_NOT_CORRECTED_sum_count,             0
BP_NOT_CORRECTED_sum_pct,         -nan
BP_NOT_CORRECTED_sum_total_count,             0
BP_NOT_CORRECTED_sum_total_pct,         -nan
BP_NOT_CORRECTED_mean,         -nan
BP_NOT_CORRECTED_stddev,         -nan
BP_NOT_CORRECTED_total_mean,         -nan
BP_NOT_CORRECTED_total_stddev,         -nan

TARG_CORRECTED_count,             0
TARG_CORRECTED_pct,         -nan
TARG_CORRECTED_total_count,             0
TARG_CORRECTED_total_pct,         -nan

TARG_NOT_CORRECTED_count,             0
TARG_NOT_CORRECTED_pct,         -nan
TARG_NOT_CORRECTED_total_count,             0
TARG_NOT_CORRECTED_total_pct,         -nan
TARG_NOT_CORRECTED_sum_count,             0
TARG_NOT_CORRECTED_sum_pct,         -nan
TARG_NOT_CORRECTED_sum_total_count,             0
TARG_NOT_CORRECTED_sum_total_pct,         -nan
TARG_NOT_CORRECTED_mean,         -nan
TARG_NOT_CORRECTED_stddev,         -nan
TARG_NOT_CORRECTED_total_mean,         -nan
TARG_NOT_CORRECTED_total_stddev,         -nan

BP_MISP_PENALTY_count,        301740
BP_MISP_PENALTY_total_count,        654586

BP_ON_PATH_CONF_MISPRED_count,             0
BP_ON_PATH_CONF_MISPRED_pct,         -nan
BP_ON_PATH_CONF_MISPRED_total_count,             0
BP_ON_PATH_CONF_MISPRED_total_pct,         -nan

BP_ON_PATH_CONF_CORRECT_count,             0
BP_ON_PATH_CONF_CORRECT_pct,         -nan
BP_ON_PATH_CONF_CORRECT_total_count,             0
BP_ON_PATH_CONF_CORRECT_total_pct,         -nan
BP_ON_PATH_CONF_CORRECT_sum_count,             0
BP_ON_PATH_CONF_CORRECT_sum_pct,         -nan
BP_ON_PATH_CONF_CORRECT_sum_total_count,             0
BP_ON_PATH_CONF_CORRECT_sum_total_pct,         -nan
BP_ON_PATH_CONF_CORRECT_mean,         -nan
BP_ON_PATH_CONF_CORRECT_stddev,         -nan
BP_ON_PATH_CONF_CORRECT_total_mean,         -nan
BP_ON_PATH_CONF_CORRECT_total_stddev,         -nan

BP_OFF_PATH_CONF_MISPRED_count,             0
BP_OFF_PATH_CONF_MISPRED_pct,         -nan
BP_OFF_PATH_CONF_MISPRED_total_count,             0
BP_OFF_PATH_CONF_MISPRED_total_pct,         -nan

BP_OFF_PATH_CONF_CORRECT_count,             0
BP_OFF_PATH_CONF_CORRECT_pct,         -nan
BP_OFF_PATH_CONF_CORRECT_total_count,             0
BP_OFF_PATH_CONF_CORRECT_total_pct,         -nan
BP_OFF_PATH_CONF_CORRECT_sum_count,             0
BP_OFF_PATH_CONF_CORRECT_sum_pct,         -nan
BP_OFF_PATH_CONF_CORRECT_sum_total_count,             0
BP_OFF_PATH_CONF_CORRECT_sum_total_pct,         -nan
BP_OFF_PATH_CONF_CORRECT_mean,         -nan
BP_OFF_PATH_CONF_CORRECT_stddev,         -nan
BP_OFF_PATH_CONF_CORRECT_total_mean,         -nan
BP_OFF_PATH_CONF_CORRECT_total_stddev,         -nan

BP_ON_PATH_PRED_MIS_CONF_MISPRED_count,             0
BP_ON_PATH_PRED_MIS_CONF_MISPRED_pct,         -nan
BP_ON_PATH_PRED_MIS_CONF_MISPRED_total_count,             0
BP_ON_PATH_PRED_MIS_CONF_MISPRED_total_pct,         -nan

BP_ON_PATH_PRED_MIS_CONF_CORRECT_count,             0
BP_ON_PATH_PRED_MIS_CONF_CORRECT_pct,         -nan
BP_ON_PATH_PRED_MIS_CONF_CORRECT_total_count,             0
BP_ON_PATH_PRED_MIS_CONF_CORRECT_total_pct,         -nan
BP_ON_PATH_PRED_MIS_CONF_CORRECT_sum_count,             0
BP_ON_PATH_PRED_MIS_CONF_CORRECT_sum_pct,         -nan
BP_ON_PATH_PRED_MIS_CONF_CORRECT_sum_total_count,             0
BP_ON_PATH_PRED_MIS_CONF_CORRECT_sum_total_pct,         -nan
BP_ON_PATH_PRED_MIS_CONF_CORRECT_mean,         -nan
BP_ON_PATH_PRED_MIS_CONF_CORRECT_stddev,         -nan
BP_ON_PATH_PRED_MIS_CONF_CORRECT_total_mean,         -nan
BP_ON_PATH_PRED_MIS_CONF_CORRECT_total_stddev,         -nan

BP_ON_PATH_PRED_COR_CONF_MISPRED_count,             0
BP_ON_PATH_PRED_COR_CONF_MISPRED_pct,         -nan
BP_ON_PATH_PRED_COR_CONF_MISPRED_total_count,             0
BP_ON_PATH_PRED_COR_CONF_MISPRED_total_pct,         -nan

BP_ON_PATH_PRED_COR_CONF_CORRECT_count,             0
BP_ON_PATH_PRED_COR_CONF_CORRECT_pct,         -nan
BP_ON_PATH_PRED_COR_CONF_CORRECT_total_count,             0
BP_ON_PATH_PRED_COR_CONF_CORRECT_total_pct,         -nan
BP_ON_PATH_PRED_COR_CONF_CORRECT_sum_count,             0
BP_ON_PATH_PRED_COR_CONF_CORRECT_sum_pct,         -nan
BP_ON_PATH_PRED_COR_CONF_CORRECT_sum_total_count,             0
BP_ON_PATH_PRED_COR_CONF_CORRECT_sum_total_pct,         -nan
BP_ON_PATH_PRED_COR_CONF_CORRECT_mean,         -nan
BP_ON_PATH_PRED_COR_CONF_CORRECT_stddev,         -nan
BP_ON_PATH_PRED_COR_CONF_CORRECT_total_mean,         -nan
BP_ON_PATH_PRED_COR_CONF_CORRECT_total_stddev,         -nan

BP_OFF_PATH_PRED_MIS_CONF_MISPRED_count,             0
BP_OFF_PATH_PRED_MIS_CONF_MISPRED_pct,         -nan
BP_OFF_PATH_PRED_MIS_CONF_MISPRED_total_count,             0
BP_OFF_PATH_PRED_MIS_CONF_MISPRED_total_pct,         -nan

BP_OFF_PATH_PRED_MIS_CONF_CORRECT_count,             0
BP_OFF_PATH_PRED_MIS_CONF_CORRECT_pct,         -nan
BP_OFF_PATH_PRED_MIS_CONF_CORRECT_total_count,             0
BP_OFF_PATH_PRED_MIS_CONF_CORRECT_total_pct,         -nan
BP_OFF_PATH_PRED_MIS_CONF_CORRECT_sum_count,             0
BP_OFF_PATH_PRED_MIS_CONF_CORRECT_sum_pct,         -nan
BP_OFF_PATH_PRED_MIS_CONF_CORRECT_sum_total_count,             0
BP_OFF_PATH_PRED_MIS_CONF_CORRECT_sum_total_pct,         -nan
BP_OFF_PATH_PRED_MIS_CONF_CORRECT_mean,         -nan
BP_OFF_PATH_PRED_MIS_CONF_CORRECT_stddev,         -nan
BP_OFF_PATH_PRED_MIS_CONF_CORRECT_total_mean,         -nan
BP_OFF_PATH_PRED_MIS_CONF_CORRECT_total_stddev,         -nan

BP_OFF_PATH_PRED_COR_CONF_MISPRED_count,             0
BP_OFF_PATH_PRED_COR_CONF_MISPRED_pct,         -nan
BP_OFF_PATH_PRED_COR_CONF_MISPRED_total_count,             0
BP_OFF_PATH_PRED_COR_CONF_MISPRED_total_pct,         -nan

BP_OFF_PATH_PRED_COR_CONF_CORRECT_count,             0
BP_OFF_PATH_PRED_COR_CONF_CORRECT_pct,         -nan
BP_OFF_PATH_PRED_COR_CONF_CORRECT_total_count,             0
BP_OFF_PATH_PRED_COR_CONF_CORRECT_total_pct,         -nan
BP_OFF_PATH_PRED_COR_CONF_CORRECT_sum_count,             0
BP_OFF_PATH_PRED_COR_CONF_CORRECT_sum_pct,         -nan
BP_OFF_PATH_PRED_COR_CONF_CORRECT_sum_total_count,             0
BP_OFF_PATH_PRED_COR_CONF_CORRECT_sum_total_pct,         -nan
BP_OFF_PATH_PRED_COR_CONF_CORRECT_mean,         -nan
BP_OFF_PATH_PRED_COR_CONF_CORRECT_stddev,         -nan
BP_OFF_PATH_PRED_COR_CONF_CORRECT_total_mean,         -nan
BP_OFF_PATH_PRED_COR_CONF_CORRECT_total_stddev,         -nan

ONPATH_CONF_MISPRED_count,             0
ONPATH_CONF_MISPRED_pct,         -nan
ONPATH_CONF_MISPRED_total_count,             0
ONPATH_CONF_MISPRED_total_pct,         -nan

ONPATH_CONF_CORRECT_count,             0
ONPATH_CONF_CORRECT_pct,         -nan
ONPATH_CONF_CORRECT_total_count,             0
ONPATH_CONF_CORRECT_total_pct,         -nan
ONPATH_CONF_CORRECT_sum_count,             0
ONPATH_CONF_CORRECT_sum_pct,         -nan
ONPATH_CONF_CORRECT_sum_total_count,             0
ONPATH_CONF_CORRECT_sum_total_pct,         -nan
ONPATH_CONF_CORRECT_mean,         -nan
ONPATH_CONF_CORRECT_stddev,         -nan
ONPATH_CONF_CORRECT_total_mean,         -nan
ONPATH_CONF_CORRECT_total_stddev,         -nan

ONPATH_ON_PATH_CONF_MISPRED_count,             0
ONPATH_ON_PATH_CONF_MISPRED_pct,         -nan
ONPATH_ON_PATH_CONF_MISPRED_total_count,             0
ONPATH_ON_PATH_CONF_MISPRED_total_pct,         -nan

ONPATH_ON_PATH_CONF_CORRECT_count,             0
ONPATH_ON_PATH_CONF_CORRECT_pct,         -nan
ONPATH_ON_PATH_CONF_CORRECT_total_count,             0
ONPATH_ON_PATH_CONF_CORRECT_total_pct,         -nan
ONPATH_ON_PATH_CONF_CORRECT_sum_count,             0
ONPATH_ON_PATH_CONF_CORRECT_sum_pct,         -nan
ONPATH_ON_PATH_CONF_CORRECT_sum_total_count,             0
ONPATH_ON_PATH_CONF_CORRECT_sum_total_pct,         -nan
ONPATH_ON_PATH_CONF_CORRECT_mean,         -nan
ONPATH_ON_PATH_CONF_CORRECT_stddev,         -nan
ONPATH_ON_PATH_CONF_CORRECT_total_mean,         -nan
ONPATH_ON_PATH_CONF_CORRECT_total_stddev,         -nan

ONPATH_OFF_PATH_CONF_MISPRED_count,             0
ONPATH_OFF_PATH_CONF_MISPRED_pct,         -nan
ONPATH_OFF_PATH_CONF_MISPRED_total_count,             0
ONPATH_OFF_PATH_CONF_MISPRED_total_pct,         -nan

ONPATH_OFF_PATH_CONF_CORRECT_count,             0
ONPATH_OFF_PATH_CONF_CORRECT_pct,         -nan
ONPATH_OFF_PATH_CONF_CORRECT_total_count,             0
ONPATH_OFF_PATH_CONF_CORRECT_total_pct,         -nan
ONPATH_OFF_PATH_CONF_CORRECT_sum_count,             0
ONPATH_OFF_PATH_CONF_CORRECT_sum_pct,         -nan
ONPATH_OFF_PATH_CONF_CORRECT_sum_total_count,             0
ONPATH_OFF_PATH_CONF_CORRECT_sum_total_pct,         -nan
ONPATH_OFF_PATH_CONF_CORRECT_mean,         -nan
ONPATH_OFF_PATH_CONF_CORRECT_stddev,         -nan
ONPATH_OFF_PATH_CONF_CORRECT_total_mean,         -nan
ONPATH_OFF_PATH_CONF_CORRECT_total_stddev,         -nan

PRED_ONPATH_CONF_MISPRED_count,             0
PRED_ONPATH_CONF_MISPRED_pct,         -nan
PRED_ONPATH_CONF_MISPRED_total_count,             0
PRED_ONPATH_CONF_MISPRED_total_pct,         -nan

PRED_ONPATH_CONF_CORRECT_count,             0
PRED_ONPATH_CONF_CORRECT_pct,         -nan
PRED_ONPATH_CONF_CORRECT_total_count,             0
PRED_ONPATH_CONF_CORRECT_total_pct,         -nan
PRED_ONPATH_CONF_CORRECT_sum_count,             0
PRED_ONPATH_CONF_CORRECT_sum_pct,         -nan
PRED_ONPATH_CONF_CORRECT_sum_total_count,             0
PRED_ONPATH_CONF_CORRECT_sum_total_pct,         -nan
PRED_ONPATH_CONF_CORRECT_mean,         -nan
PRED_ONPATH_CONF_CORRECT_stddev,         -nan
PRED_ONPATH_CONF_CORRECT_total_mean,         -nan
PRED_ONPATH_CONF_CORRECT_total_stddev,         -nan

PRED_OFFPATH_CONF_MISPRED_count,             0
PRED_OFFPATH_CONF_MISPRED_pct,         -nan
PRED_OFFPATH_CONF_MISPRED_total_count,             0
PRED_OFFPATH_CONF_MISPRED_total_pct,         -nan

PRED_OFFPATH_CONF_CORRECT_count,             0
PRED_OFFPATH_CONF_CORRECT_pct,         -nan
PRED_OFFPATH_CONF_CORRECT_total_count,             0
PRED_OFFPATH_CONF_CORRECT_total_pct,         -nan
PRED_OFFPATH_CONF_CORRECT_sum_count,             0
PRED_OFFPATH_CONF_CORRECT_sum_pct,         -nan
PRED_OFFPATH_CONF_CORRECT_sum_total_count,             0
PRED_OFFPATH_CONF_CORRECT_sum_total_pct,         -nan
PRED_OFFPATH_CONF_CORRECT_mean,         -nan
PRED_OFFPATH_CONF_CORRECT_stddev,         -nan
PRED_OFFPATH_CONF_CORRECT_total_mean,         -nan
PRED_OFFPATH_CONF_CORRECT_total_stddev,         -nan

LONG_OVWT_MIS_count,             0
LONG_OVWT_MIS_pct,         -nan
LONG_OVWT_MIS_total_count,             0
LONG_OVWT_MIS_total_pct,         -nan

LONG_OVWT_COR_count,             0
LONG_OVWT_COR_pct,         -nan
LONG_OVWT_COR_total_count,             0
LONG_OVWT_COR_total_pct,         -nan
LONG_OVWT_COR_sum_count,             0
LONG_OVWT_COR_sum_pct,         -nan
LONG_OVWT_COR_sum_total_count,             0
LONG_OVWT_COR_sum_total_pct,         -nan
LONG_OVWT_COR_mean,         -nan
LONG_OVWT_COR_stddev,         -nan
LONG_OVWT_COR_total_mean,         -nan
LONG_OVWT_COR_total_stddev,         -nan

OPC_LENGTH_0_7_MIS_count,             0
OPC_LENGTH_0_7_MIS_pct,         -nan
OPC_LENGTH_0_7_MIS_total_count,             0
OPC_LENGTH_0_7_MIS_total_pct,         -nan

OPC_LENGTH_0_7_COR_count,             0
OPC_LENGTH_0_7_COR_pct,         -nan
OPC_LENGTH_0_7_COR_total_count,             0
OPC_LENGTH_0_7_COR_total_pct,         -nan
OPC_LENGTH_0_7_COR_sum_count,             0
OPC_LENGTH_0_7_COR_sum_pct,         -nan
OPC_LENGTH_0_7_COR_sum_total_count,             0
OPC_LENGTH_0_7_COR_sum_total_pct,         -nan
OPC_LENGTH_0_7_COR_mean,         -nan
OPC_LENGTH_0_7_COR_stddev,         -nan
OPC_LENGTH_0_7_COR_total_mean,         -nan
OPC_LENGTH_0_7_COR_total_stddev,         -nan

OPC_LENGTH_8_15_MIS_count,             0
OPC_LENGTH_8_15_MIS_pct,         -nan
OPC_LENGTH_8_15_MIS_total_count,             0
OPC_LENGTH_8_15_MIS_total_pct,         -nan

OPC_LENGTH_8_15_COR_count,             0
OPC_LENGTH_8_15_COR_pct,         -nan
OPC_LENGTH_8_15_COR_total_count,             0
OPC_LENGTH_8_15_COR_total_pct,         -nan
OPC_LENGTH_8_15_COR_sum_count,             0
OPC_LENGTH_8_15_COR_sum_pct,         -nan
OPC_LENGTH_8_15_COR_sum_total_count,             0
OPC_LENGTH_8_15_COR_sum_total_pct,         -nan
OPC_LENGTH_8_15_COR_mean,         -nan
OPC_LENGTH_8_15_COR_stddev,         -nan
OPC_LENGTH_8_15_COR_total_mean,         -nan
OPC_LENGTH_8_15_COR_total_stddev,         -nan

OPC_LENGTH_16_23_MIS_count,             0
OPC_LENGTH_16_23_MIS_pct,         -nan
OPC_LENGTH_16_23_MIS_total_count,             0
OPC_LENGTH_16_23_MIS_total_pct,         -nan

OPC_LENGTH_16_23_COR_count,             0
OPC_LENGTH_16_23_COR_pct,         -nan
OPC_LENGTH_16_23_COR_total_count,             0
OPC_LENGTH_16_23_COR_total_pct,         -nan
OPC_LENGTH_16_23_COR_sum_count,             0
OPC_LENGTH_16_23_COR_sum_pct,         -nan
OPC_LENGTH_16_23_COR_sum_total_count,             0
OPC_LENGTH_16_23_COR_sum_total_pct,         -nan
OPC_LENGTH_16_23_COR_mean,         -nan
OPC_LENGTH_16_23_COR_stddev,         -nan
OPC_LENGTH_16_23_COR_total_mean,         -nan
OPC_LENGTH_16_23_COR_total_stddev,         -nan

OPC_LENGTH_24_31_MIS_count,             0
OPC_LENGTH_24_31_MIS_pct,         -nan
OPC_LENGTH_24_31_MIS_total_count,             0
OPC_LENGTH_24_31_MIS_total_pct,         -nan

OPC_LENGTH_24_31_COR_count,             0
OPC_LENGTH_24_31_COR_pct,         -nan
OPC_LENGTH_24_31_COR_total_count,             0
OPC_LENGTH_24_31_COR_total_pct,         -nan
OPC_LENGTH_24_31_COR_sum_count,             0
OPC_LENGTH_24_31_COR_sum_pct,         -nan
OPC_LENGTH_24_31_COR_sum_total_count,             0
OPC_LENGTH_24_31_COR_sum_total_pct,         -nan
OPC_LENGTH_24_31_COR_mean,         -nan
OPC_LENGTH_24_31_COR_stddev,         -nan
OPC_LENGTH_24_31_COR_total_mean,         -nan
OPC_LENGTH_24_31_COR_total_stddev,         -nan

OPC_LENGTH_32_39_MIS_count,             0
OPC_LENGTH_32_39_MIS_pct,         -nan
OPC_LENGTH_32_39_MIS_total_count,             0
OPC_LENGTH_32_39_MIS_total_pct,         -nan

OPC_LENGTH_32_39_COR_count,             0
OPC_LENGTH_32_39_COR_pct,         -nan
OPC_LENGTH_32_39_COR_total_count,             0
OPC_LENGTH_32_39_COR_total_pct,         -nan
OPC_LENGTH_32_39_COR_sum_count,             0
OPC_LENGTH_32_39_COR_sum_pct,         -nan
OPC_LENGTH_32_39_COR_sum_total_count,             0
OPC_LENGTH_32_39_COR_sum_total_pct,         -nan
OPC_LENGTH_32_39_COR_mean,         -nan
OPC_LENGTH_32_39_COR_stddev,         -nan
OPC_LENGTH_32_39_COR_total_mean,         -nan
OPC_LENGTH_32_39_COR_total_stddev,         -nan

OPC_LENGTH_40_47_MIS_count,             0
OPC_LENGTH_40_47_MIS_pct,         -nan
OPC_LENGTH_40_47_MIS_total_count,             0
OPC_LENGTH_40_47_MIS_total_pct,         -nan

OPC_LENGTH_40_47_COR_count,             0
OPC_LENGTH_40_47_COR_pct,         -nan
OPC_LENGTH_40_47_COR_total_count,             0
OPC_LENGTH_40_47_COR_total_pct,         -nan
OPC_LENGTH_40_47_COR_sum_count,             0
OPC_LENGTH_40_47_COR_sum_pct,         -nan
OPC_LENGTH_40_47_COR_sum_total_count,             0
OPC_LENGTH_40_47_COR_sum_total_pct,         -nan
OPC_LENGTH_40_47_COR_mean,         -nan
OPC_LENGTH_40_47_COR_stddev,         -nan
OPC_LENGTH_40_47_COR_total_mean,         -nan
OPC_LENGTH_40_47_COR_total_stddev,         -nan

OPC_LENGTH_48_55_MIS_count,             0
OPC_LENGTH_48_55_MIS_pct,         -nan
OPC_LENGTH_48_55_MIS_total_count,             0
OPC_LENGTH_48_55_MIS_total_pct,         -nan

OPC_LENGTH_48_55_COR_count,             0
OPC_LENGTH_48_55_COR_pct,         -nan
OPC_LENGTH_48_55_COR_total_count,             0
OPC_LENGTH_48_55_COR_total_pct,         -nan
OPC_LENGTH_48_55_COR_sum_count,             0
OPC_LENGTH_48_55_COR_sum_pct,         -nan
OPC_LENGTH_48_55_COR_sum_total_count,             0
OPC_LENGTH_48_55_COR_sum_total_pct,         -nan
OPC_LENGTH_48_55_COR_mean,         -nan
OPC_LENGTH_48_55_COR_stddev,         -nan
OPC_LENGTH_48_55_COR_total_mean,         -nan
OPC_LENGTH_48_55_COR_total_stddev,         -nan

OPC_LENGTH_56_63_MIS_count,             0
OPC_LENGTH_56_63_MIS_pct,         -nan
OPC_LENGTH_56_63_MIS_total_count,             0
OPC_LENGTH_56_63_MIS_total_pct,         -nan

OPC_LENGTH_56_63_COR_count,             0
OPC_LENGTH_56_63_COR_pct,         -nan
OPC_LENGTH_56_63_COR_total_count,             0
OPC_LENGTH_56_63_COR_total_pct,         -nan
OPC_LENGTH_56_63_COR_sum_count,             0
OPC_LENGTH_56_63_COR_sum_pct,         -nan
OPC_LENGTH_56_63_COR_sum_total_count,             0
OPC_LENGTH_56_63_COR_sum_total_pct,         -nan
OPC_LENGTH_56_63_COR_mean,         -nan
OPC_LENGTH_56_63_COR_stddev,         -nan
OPC_LENGTH_56_63_COR_total_mean,         -nan
OPC_LENGTH_56_63_COR_total_stddev,         -nan

OPC_LENGTH_64_71_MIS_count,             0
OPC_LENGTH_64_71_MIS_pct,         -nan
OPC_LENGTH_64_71_MIS_total_count,             0
OPC_LENGTH_64_71_MIS_total_pct,         -nan

OPC_LENGTH_64_71_COR_count,             0
OPC_LENGTH_64_71_COR_pct,         -nan
OPC_LENGTH_64_71_COR_total_count,             0
OPC_LENGTH_64_71_COR_total_pct,         -nan
OPC_LENGTH_64_71_COR_sum_count,             0
OPC_LENGTH_64_71_COR_sum_pct,         -nan
OPC_LENGTH_64_71_COR_sum_total_count,             0
OPC_LENGTH_64_71_COR_sum_total_pct,         -nan
OPC_LENGTH_64_71_COR_mean,         -nan
OPC_LENGTH_64_71_COR_stddev,         -nan
OPC_LENGTH_64_71_COR_total_mean,         -nan
OPC_LENGTH_64_71_COR_total_stddev,         -nan

OPC_LENGTH_72_79_MIS_count,             0
OPC_LENGTH_72_79_MIS_pct,         -nan
OPC_LENGTH_72_79_MIS_total_count,             0
OPC_LENGTH_72_79_MIS_total_pct,         -nan

OPC_LENGTH_72_79_COR_count,             0
OPC_LENGTH_72_79_COR_pct,         -nan
OPC_LENGTH_72_79_COR_total_count,             0
OPC_LENGTH_72_79_COR_total_pct,         -nan
OPC_LENGTH_72_79_COR_sum_count,             0
OPC_LENGTH_72_79_COR_sum_pct,         -nan
OPC_LENGTH_72_79_COR_sum_total_count,             0
OPC_LENGTH_72_79_COR_sum_total_pct,         -nan
OPC_LENGTH_72_79_COR_mean,         -nan
OPC_LENGTH_72_79_COR_stddev,         -nan
OPC_LENGTH_72_79_COR_total_mean,         -nan
OPC_LENGTH_72_79_COR_total_stddev,         -nan

OPC_LENGTH_80_MIS_count,             0
OPC_LENGTH_80_MIS_pct,         -nan
OPC_LENGTH_80_MIS_total_count,             0
OPC_LENGTH_80_MIS_total_pct,         -nan

OPC_LENGTH_80_COR_count,             0
OPC_LENGTH_80_COR_pct,         -nan
OPC_LENGTH_80_COR_total_count,             0
OPC_LENGTH_80_COR_total_pct,         -nan
OPC_LENGTH_80_COR_sum_count,             0
OPC_LENGTH_80_COR_sum_pct,         -nan
OPC_LENGTH_80_COR_sum_total_count,             0
OPC_LENGTH_80_COR_sum_total_pct,         -nan
OPC_LENGTH_80_COR_mean,         -nan
OPC_LENGTH_80_COR_stddev,         -nan
OPC_LENGTH_80_COR_total_mean,         -nan
OPC_LENGTH_80_COR_total_stddev,         -nan

ALL_ONES_MIS_count,             0
ALL_ONES_MIS_pct,         -nan
ALL_ONES_MIS_total_count,             0
ALL_ONES_MIS_total_pct,         -nan

ALL_ONES_COR_count,             0
ALL_ONES_COR_pct,         -nan
ALL_ONES_COR_total_count,             0
ALL_ONES_COR_total_pct,         -nan
ALL_ONES_COR_sum_count,             0
ALL_ONES_COR_sum_pct,         -nan
ALL_ONES_COR_sum_total_count,             0
ALL_ONES_COR_sum_total_pct,         -nan
ALL_ONES_COR_mean,         -nan
ALL_ONES_COR_stddev,         -nan
ALL_ONES_COR_total_mean,         -nan
ALL_ONES_COR_total_stddev,         -nan

FIRST_ONE_MIS_count,             0
FIRST_ONE_MIS_pct,         -nan
FIRST_ONE_MIS_total_count,             0
FIRST_ONE_MIS_total_pct,         -nan

FIRST_ONE_COR_count,             0
FIRST_ONE_COR_pct,         -nan
FIRST_ONE_COR_total_count,             0
FIRST_ONE_COR_total_pct,         -nan
FIRST_ONE_COR_sum_count,             0
FIRST_ONE_COR_sum_pct,         -nan
FIRST_ONE_COR_sum_total_count,             0
FIRST_ONE_COR_sum_total_pct,         -nan
FIRST_ONE_COR_mean,         -nan
FIRST_ONE_COR_stddev,         -nan
FIRST_ONE_COR_total_mean,         -nan
FIRST_ONE_COR_total_stddev,         -nan

ZEROS_0_1_MIS_count,             0
ZEROS_0_1_MIS_pct,         -nan
ZEROS_0_1_MIS_total_count,             0
ZEROS_0_1_MIS_total_pct,         -nan

ZEROS_0_1_COR_count,             0
ZEROS_0_1_COR_pct,         -nan
ZEROS_0_1_COR_total_count,             0
ZEROS_0_1_COR_total_pct,         -nan
ZEROS_0_1_COR_sum_count,             0
ZEROS_0_1_COR_sum_pct,         -nan
ZEROS_0_1_COR_sum_total_count,             0
ZEROS_0_1_COR_sum_total_pct,         -nan
ZEROS_0_1_COR_mean,         -nan
ZEROS_0_1_COR_stddev,         -nan
ZEROS_0_1_COR_total_mean,         -nan
ZEROS_0_1_COR_total_stddev,         -nan

ZEROS_2_3_MIS_count,             0
ZEROS_2_3_MIS_pct,         -nan
ZEROS_2_3_MIS_total_count,             0
ZEROS_2_3_MIS_total_pct,         -nan

ZEROS_2_3_COR_count,             0
ZEROS_2_3_COR_pct,         -nan
ZEROS_2_3_COR_total_count,             0
ZEROS_2_3_COR_total_pct,         -nan
ZEROS_2_3_COR_sum_count,             0
ZEROS_2_3_COR_sum_pct,         -nan
ZEROS_2_3_COR_sum_total_count,             0
ZEROS_2_3_COR_sum_total_pct,         -nan
ZEROS_2_3_COR_mean,         -nan
ZEROS_2_3_COR_stddev,         -nan
ZEROS_2_3_COR_total_mean,         -nan
ZEROS_2_3_COR_total_stddev,         -nan

ZEROS_4_5_MIS_count,             0
ZEROS_4_5_MIS_pct,         -nan
ZEROS_4_5_MIS_total_count,             0
ZEROS_4_5_MIS_total_pct,         -nan

ZEROS_4_5_COR_count,             0
ZEROS_4_5_COR_pct,         -nan
ZEROS_4_5_COR_total_count,             0
ZEROS_4_5_COR_total_pct,         -nan
ZEROS_4_5_COR_sum_count,             0
ZEROS_4_5_COR_sum_pct,         -nan
ZEROS_4_5_COR_sum_total_count,             0
ZEROS_4_5_COR_sum_total_pct,         -nan
ZEROS_4_5_COR_mean,         -nan
ZEROS_4_5_COR_stddev,         -nan
ZEROS_4_5_COR_total_mean,         -nan
ZEROS_4_5_COR_total_stddev,         -nan

ZEROS_6_7_MIS_count,             0
ZEROS_6_7_MIS_pct,         -nan
ZEROS_6_7_MIS_total_count,             0
ZEROS_6_7_MIS_total_pct,         -nan

ZEROS_6_7_COR_count,             0
ZEROS_6_7_COR_pct,         -nan
ZEROS_6_7_COR_total_count,             0
ZEROS_6_7_COR_total_pct,         -nan
ZEROS_6_7_COR_sum_count,             0
ZEROS_6_7_COR_sum_pct,         -nan
ZEROS_6_7_COR_sum_total_count,             0
ZEROS_6_7_COR_sum_total_pct,         -nan
ZEROS_6_7_COR_mean,         -nan
ZEROS_6_7_COR_stddev,         -nan
ZEROS_6_7_COR_total_mean,         -nan
ZEROS_6_7_COR_total_stddev,         -nan

ZEROS_8_9_MIS_count,             0
ZEROS_8_9_MIS_pct,         -nan
ZEROS_8_9_MIS_total_count,             0
ZEROS_8_9_MIS_total_pct,         -nan

ZEROS_8_9_COR_count,             0
ZEROS_8_9_COR_pct,         -nan
ZEROS_8_9_COR_total_count,             0
ZEROS_8_9_COR_total_pct,         -nan
ZEROS_8_9_COR_sum_count,             0
ZEROS_8_9_COR_sum_pct,         -nan
ZEROS_8_9_COR_sum_total_count,             0
ZEROS_8_9_COR_sum_total_pct,         -nan
ZEROS_8_9_COR_mean,         -nan
ZEROS_8_9_COR_stddev,         -nan
ZEROS_8_9_COR_total_mean,         -nan
ZEROS_8_9_COR_total_stddev,         -nan

ZEROS_10_11_MIS_count,             0
ZEROS_10_11_MIS_pct,         -nan
ZEROS_10_11_MIS_total_count,             0
ZEROS_10_11_MIS_total_pct,         -nan

ZEROS_10_11_COR_count,             0
ZEROS_10_11_COR_pct,         -nan
ZEROS_10_11_COR_total_count,             0
ZEROS_10_11_COR_total_pct,         -nan
ZEROS_10_11_COR_sum_count,             0
ZEROS_10_11_COR_sum_pct,         -nan
ZEROS_10_11_COR_sum_total_count,             0
ZEROS_10_11_COR_sum_total_pct,         -nan
ZEROS_10_11_COR_mean,         -nan
ZEROS_10_11_COR_stddev,         -nan
ZEROS_10_11_COR_total_mean,         -nan
ZEROS_10_11_COR_total_stddev,         -nan

ZEROS_12_13_MIS_count,             0
ZEROS_12_13_MIS_pct,         -nan
ZEROS_12_13_MIS_total_count,             0
ZEROS_12_13_MIS_total_pct,         -nan

ZEROS_12_13_COR_count,             0
ZEROS_12_13_COR_pct,         -nan
ZEROS_12_13_COR_total_count,             0
ZEROS_12_13_COR_total_pct,         -nan
ZEROS_12_13_COR_sum_count,             0
ZEROS_12_13_COR_sum_pct,         -nan
ZEROS_12_13_COR_sum_total_count,             0
ZEROS_12_13_COR_sum_total_pct,         -nan
ZEROS_12_13_COR_mean,         -nan
ZEROS_12_13_COR_stddev,         -nan
ZEROS_12_13_COR_total_mean,         -nan
ZEROS_12_13_COR_total_stddev,         -nan

ZEROS_14_15_MIS_count,             0
ZEROS_14_15_MIS_pct,         -nan
ZEROS_14_15_MIS_total_count,             0
ZEROS_14_15_MIS_total_pct,         -nan

ZEROS_14_15_COR_count,             0
ZEROS_14_15_COR_pct,         -nan
ZEROS_14_15_COR_total_count,             0
ZEROS_14_15_COR_total_pct,         -nan
ZEROS_14_15_COR_sum_count,             0
ZEROS_14_15_COR_sum_pct,         -nan
ZEROS_14_15_COR_sum_total_count,             0
ZEROS_14_15_COR_sum_total_pct,         -nan
ZEROS_14_15_COR_mean,         -nan
ZEROS_14_15_COR_stddev,         -nan
ZEROS_14_15_COR_total_mean,         -nan
ZEROS_14_15_COR_total_stddev,         -nan

ZEROS_16_MIS_count,             0
ZEROS_16_MIS_pct,         -nan
ZEROS_16_MIS_total_count,             0
ZEROS_16_MIS_total_pct,         -nan

ZEROS_16_COR_count,             0
ZEROS_16_COR_pct,         -nan
ZEROS_16_COR_total_count,             0
ZEROS_16_COR_total_pct,         -nan
ZEROS_16_COR_sum_count,             0
ZEROS_16_COR_sum_pct,         -nan
ZEROS_16_COR_sum_total_count,             0
ZEROS_16_COR_sum_total_pct,         -nan
ZEROS_16_COR_mean,         -nan
ZEROS_16_COR_stddev,         -nan
ZEROS_16_COR_total_mean,         -nan
ZEROS_16_COR_total_stddev,         -nan

GS2BC_GSHARE_count,             0
GS2BC_GSHARE_pct,         -nan
GS2BC_GSHARE_total_count,             0
GS2BC_GSHARE_total_pct,         -nan

GS2BC_2BC_count,             0
GS2BC_2BC_pct,         -nan
GS2BC_2BC_total_count,             0
GS2BC_2BC_total_pct,         -nan
GS2BC_2BC_sum_count,             0
GS2BC_2BC_sum_pct,         -nan
GS2BC_2BC_sum_total_count,             0
GS2BC_2BC_sum_total_pct,         -nan
GS2BC_2BC_mean,         -nan
GS2BC_2BC_stddev,         -nan
GS2BC_2BC_total_mean,         -nan
GS2BC_2BC_total_stddev,         -nan

GSKEW2BC_VOTE_count,             0
GSKEW2BC_VOTE_pct,         -nan
GSKEW2BC_VOTE_total_count,             0
GSKEW2BC_VOTE_total_pct,         -nan

GSKEW2BC_2BC_count,             0
GSKEW2BC_2BC_pct,         -nan
GSKEW2BC_2BC_total_count,             0
GSKEW2BC_2BC_total_pct,         -nan
GSKEW2BC_2BC_sum_count,             0
GSKEW2BC_2BC_sum_pct,         -nan
GSKEW2BC_2BC_sum_total_count,             0
GSKEW2BC_2BC_sum_total_pct,         -nan
GSKEW2BC_2BC_mean,         -nan
GSKEW2BC_2BC_stddev,         -nan
GSKEW2BC_2BC_total_mean,         -nan
GSKEW2BC_2BC_total_stddev,         -nan

FUTGSHARE_INIT_ON_PATH_CORRECT_count,             0
FUTGSHARE_INIT_ON_PATH_CORRECT_pct,         -nan
FUTGSHARE_INIT_ON_PATH_CORRECT_total_count,             0
FUTGSHARE_INIT_ON_PATH_CORRECT_total_pct,         -nan

FUTGSHARE_INIT_ON_PATH_MISPREDICT_count,             0
FUTGSHARE_INIT_ON_PATH_MISPREDICT_pct,         -nan
FUTGSHARE_INIT_ON_PATH_MISPREDICT_total_count,             0
FUTGSHARE_INIT_ON_PATH_MISPREDICT_total_pct,         -nan
FUTGSHARE_INIT_ON_PATH_MISPREDICT_sum_count,             0
FUTGSHARE_INIT_ON_PATH_MISPREDICT_sum_pct,         -nan
FUTGSHARE_INIT_ON_PATH_MISPREDICT_sum_total_count,             0
FUTGSHARE_INIT_ON_PATH_MISPREDICT_sum_total_pct,         -nan
FUTGSHARE_INIT_ON_PATH_MISPREDICT_mean,         -nan
FUTGSHARE_INIT_ON_PATH_MISPREDICT_stddev,         -nan
FUTGSHARE_INIT_ON_PATH_MISPREDICT_total_mean,         -nan
FUTGSHARE_INIT_ON_PATH_MISPREDICT_total_stddev,         -nan

FUTGSHARE_INIT_OFF_PATH_CORRECT_count,             0
FUTGSHARE_INIT_OFF_PATH_CORRECT_pct,         -nan
FUTGSHARE_INIT_OFF_PATH_CORRECT_total_count,             0
FUTGSHARE_INIT_OFF_PATH_CORRECT_total_pct,         -nan

FUTGSHARE_INIT_OFF_PATH_MISPREDICT_count,             0
FUTGSHARE_INIT_OFF_PATH_MISPREDICT_pct,         -nan
FUTGSHARE_INIT_OFF_PATH_MISPREDICT_total_count,             0
FUTGSHARE_INIT_OFF_PATH_MISPREDICT_total_pct,         -nan
FUTGSHARE_INIT_OFF_PATH_MISPREDICT_sum_count,             0
FUTGSHARE_INIT_OFF_PATH_MISPREDICT_sum_pct,         -nan
FUTGSHARE_INIT_OFF_PATH_MISPREDICT_sum_total_count,             0
FUTGSHARE_INIT_OFF_PATH_MISPREDICT_sum_total_pct,         -nan
FUTGSHARE_INIT_OFF_PATH_MISPREDICT_mean,         -nan
FUTGSHARE_INIT_OFF_PATH_MISPREDICT_stddev,         -nan
FUTGSHARE_INIT_OFF_PATH_MISPREDICT_total_mean,         -nan
FUTGSHARE_INIT_OFF_PATH_MISPREDICT_total_stddev,         -nan

FUTGSHARE_CHANGED_CORRECTED_ON_PATH_count,             0
FUTGSHARE_CHANGED_CORRECTED_ON_PATH_pct,         -nan
FUTGSHARE_CHANGED_CORRECTED_ON_PATH_total_count,             0
FUTGSHARE_CHANGED_CORRECTED_ON_PATH_total_pct,         -nan

FUTGSHARE_CHANGED_SCREWED_ON_PATH_count,             0
FUTGSHARE_CHANGED_SCREWED_ON_PATH_pct,         -nan
FUTGSHARE_CHANGED_SCREWED_ON_PATH_total_count,             0
FUTGSHARE_CHANGED_SCREWED_ON_PATH_total_pct,         -nan
FUTGSHARE_CHANGED_SCREWED_ON_PATH_sum_count,             0
FUTGSHARE_CHANGED_SCREWED_ON_PATH_sum_pct,         -nan
FUTGSHARE_CHANGED_SCREWED_ON_PATH_sum_total_count,             0
FUTGSHARE_CHANGED_SCREWED_ON_PATH_sum_total_pct,         -nan
FUTGSHARE_CHANGED_SCREWED_ON_PATH_mean,         -nan
FUTGSHARE_CHANGED_SCREWED_ON_PATH_stddev,         -nan
FUTGSHARE_CHANGED_SCREWED_ON_PATH_total_mean,         -nan
FUTGSHARE_CHANGED_SCREWED_ON_PATH_total_stddev,         -nan

FUTGSHARE_CHANGED_CORRECTED_OFF_PATH_count,             0
FUTGSHARE_CHANGED_CORRECTED_OFF_PATH_pct,         -nan
FUTGSHARE_CHANGED_CORRECTED_OFF_PATH_total_count,             0
FUTGSHARE_CHANGED_CORRECTED_OFF_PATH_total_pct,         -nan

FUTGSHARE_CHANGED_SCREWED_OFF_PATH_count,             0
FUTGSHARE_CHANGED_SCREWED_OFF_PATH_pct,         -nan
FUTGSHARE_CHANGED_SCREWED_OFF_PATH_total_count,             0
FUTGSHARE_CHANGED_SCREWED_OFF_PATH_total_pct,         -nan
FUTGSHARE_CHANGED_SCREWED_OFF_PATH_sum_count,             0
FUTGSHARE_CHANGED_SCREWED_OFF_PATH_sum_pct,         -nan
FUTGSHARE_CHANGED_SCREWED_OFF_PATH_sum_total_count,             0
FUTGSHARE_CHANGED_SCREWED_OFF_PATH_sum_total_pct,         -nan
FUTGSHARE_CHANGED_SCREWED_OFF_PATH_mean,         -nan
FUTGSHARE_CHANGED_SCREWED_OFF_PATH_stddev,         -nan
FUTGSHARE_CHANGED_SCREWED_OFF_PATH_total_mean,         -nan
FUTGSHARE_CHANGED_SCREWED_OFF_PATH_total_stddev,         -nan

FUTGSHARE_ORIG_CORRECT_FUT_CORRECT_ON_PATH_count,             0
FUTGSHARE_ORIG_CORRECT_FUT_CORRECT_ON_PATH_pct,         -nan
FUTGSHARE_ORIG_CORRECT_FUT_CORRECT_ON_PATH_total_count,             0
FUTGSHARE_ORIG_CORRECT_FUT_CORRECT_ON_PATH_total_pct,         -nan

FUTGSHARE_ORIG_MISPRED_FUT_CORRECT_ON_PATH_count,             0
FUTGSHARE_ORIG_MISPRED_FUT_CORRECT_ON_PATH_pct,         -nan
FUTGSHARE_ORIG_MISPRED_FUT_CORRECT_ON_PATH_total_count,             0
FUTGSHARE_ORIG_MISPRED_FUT_CORRECT_ON_PATH_total_pct,         -nan

FUTGSHARE_ORIG_CORRECT_FUT_MISPRED_ON_PATH_count,             0
FUTGSHARE_ORIG_CORRECT_FUT_MISPRED_ON_PATH_pct,         -nan
FUTGSHARE_ORIG_CORRECT_FUT_MISPRED_ON_PATH_total_count,             0
FUTGSHARE_ORIG_CORRECT_FUT_MISPRED_ON_PATH_total_pct,         -nan

FUTGSHARE_ORIG_MISPRED_FUT_MISPRED_ON_PATH_count,             0
FUTGSHARE_ORIG_MISPRED_FUT_MISPRED_ON_PATH_pct,         -nan
FUTGSHARE_ORIG_MISPRED_FUT_MISPRED_ON_PATH_total_count,             0
FUTGSHARE_ORIG_MISPRED_FUT_MISPRED_ON_PATH_total_pct,         -nan
FUTGSHARE_ORIG_MISPRED_FUT_MISPRED_ON_PATH_sum_count,             0
FUTGSHARE_ORIG_MISPRED_FUT_MISPRED_ON_PATH_sum_pct,         -nan
FUTGSHARE_ORIG_MISPRED_FUT_MISPRED_ON_PATH_sum_total_count,             0
FUTGSHARE_ORIG_MISPRED_FUT_MISPRED_ON_PATH_sum_total_pct,         -nan
FUTGSHARE_ORIG_MISPRED_FUT_MISPRED_ON_PATH_mean,         -nan
FUTGSHARE_ORIG_MISPRED_FUT_MISPRED_ON_PATH_stddev,         -nan
FUTGSHARE_ORIG_MISPRED_FUT_MISPRED_ON_PATH_total_mean,         -nan
FUTGSHARE_ORIG_MISPRED_FUT_MISPRED_ON_PATH_total_stddev,         -nan

FUTGSHARE_ORIG_CORRECT_FUT_CORRECT_OFF_PATH_count,             0
FUTGSHARE_ORIG_CORRECT_FUT_CORRECT_OFF_PATH_pct,         -nan
FUTGSHARE_ORIG_CORRECT_FUT_CORRECT_OFF_PATH_total_count,             0
FUTGSHARE_ORIG_CORRECT_FUT_CORRECT_OFF_PATH_total_pct,         -nan

FUTGSHARE_ORIG_MISPRED_FUT_CORRECT_OFF_PATH_count,             0
FUTGSHARE_ORIG_MISPRED_FUT_CORRECT_OFF_PATH_pct,         -nan
FUTGSHARE_ORIG_MISPRED_FUT_CORRECT_OFF_PATH_total_count,             0
FUTGSHARE_ORIG_MISPRED_FUT_CORRECT_OFF_PATH_total_pct,         -nan

FUTGSHARE_ORIG_CORRECT_FUT_MISPRED_OFF_PATH_count,             0
FUTGSHARE_ORIG_CORRECT_FUT_MISPRED_OFF_PATH_pct,         -nan
FUTGSHARE_ORIG_CORRECT_FUT_MISPRED_OFF_PATH_total_count,             0
FUTGSHARE_ORIG_CORRECT_FUT_MISPRED_OFF_PATH_total_pct,         -nan

FUTGSHARE_ORIG_MISPRED_FUT_MISPRED_OFF_PATH_count,             0
FUTGSHARE_ORIG_MISPRED_FUT_MISPRED_OFF_PATH_pct,         -nan
FUTGSHARE_ORIG_MISPRED_FUT_MISPRED_OFF_PATH_total_count,             0
FUTGSHARE_ORIG_MISPRED_FUT_MISPRED_OFF_PATH_total_pct,         -nan
FUTGSHARE_ORIG_MISPRED_FUT_MISPRED_OFF_PATH_sum_count,             0
FUTGSHARE_ORIG_MISPRED_FUT_MISPRED_OFF_PATH_sum_pct,         -nan
FUTGSHARE_ORIG_MISPRED_FUT_MISPRED_OFF_PATH_sum_total_count,             0
FUTGSHARE_ORIG_MISPRED_FUT_MISPRED_OFF_PATH_sum_total_pct,         -nan
FUTGSHARE_ORIG_MISPRED_FUT_MISPRED_OFF_PATH_mean,         -nan
FUTGSHARE_ORIG_MISPRED_FUT_MISPRED_OFF_PATH_stddev,         -nan
FUTGSHARE_ORIG_MISPRED_FUT_MISPRED_OFF_PATH_total_mean,         -nan
FUTGSHARE_ORIG_MISPRED_FUT_MISPRED_OFF_PATH_total_stddev,         -nan

FUTGSHARE_ON_PATH_CORRECT_0_count,             0
FUTGSHARE_ON_PATH_CORRECT_0_pct,         -nan
FUTGSHARE_ON_PATH_CORRECT_0_total_count,             0
FUTGSHARE_ON_PATH_CORRECT_0_total_pct,         -nan

FUTGSHARE_ON_PATH_MISPREDICT_0_count,             0
FUTGSHARE_ON_PATH_MISPREDICT_0_pct,         -nan
FUTGSHARE_ON_PATH_MISPREDICT_0_total_count,             0
FUTGSHARE_ON_PATH_MISPREDICT_0_total_pct,         -nan
FUTGSHARE_ON_PATH_MISPREDICT_0_sum_count,             0
FUTGSHARE_ON_PATH_MISPREDICT_0_sum_pct,         -nan
FUTGSHARE_ON_PATH_MISPREDICT_0_sum_total_count,             0
FUTGSHARE_ON_PATH_MISPREDICT_0_sum_total_pct,         -nan
FUTGSHARE_ON_PATH_MISPREDICT_0_mean,         -nan
FUTGSHARE_ON_PATH_MISPREDICT_0_stddev,         -nan
FUTGSHARE_ON_PATH_MISPREDICT_0_total_mean,         -nan
FUTGSHARE_ON_PATH_MISPREDICT_0_total_stddev,         -nan

FUTGSHARE_OFF_PATH_CORRECT_0_count,             0
FUTGSHARE_OFF_PATH_CORRECT_0_pct,         -nan
FUTGSHARE_OFF_PATH_CORRECT_0_total_count,             0
FUTGSHARE_OFF_PATH_CORRECT_0_total_pct,         -nan

FUTGSHARE_OFF_PATH_MISPREDICT_0_count,             0
FUTGSHARE_OFF_PATH_MISPREDICT_0_pct,         -nan
FUTGSHARE_OFF_PATH_MISPREDICT_0_total_count,             0
FUTGSHARE_OFF_PATH_MISPREDICT_0_total_pct,         -nan
FUTGSHARE_OFF_PATH_MISPREDICT_0_sum_count,             0
FUTGSHARE_OFF_PATH_MISPREDICT_0_sum_pct,         -nan
FUTGSHARE_OFF_PATH_MISPREDICT_0_sum_total_count,             0
FUTGSHARE_OFF_PATH_MISPREDICT_0_sum_total_pct,         -nan
FUTGSHARE_OFF_PATH_MISPREDICT_0_mean,         -nan
FUTGSHARE_OFF_PATH_MISPREDICT_0_stddev,         -nan
FUTGSHARE_OFF_PATH_MISPREDICT_0_total_mean,         -nan
FUTGSHARE_OFF_PATH_MISPREDICT_0_total_stddev,         -nan

FUTGSHARE_ON_PATH_CORRECT_1_count,             0
FUTGSHARE_ON_PATH_CORRECT_1_pct,         -nan
FUTGSHARE_ON_PATH_CORRECT_1_total_count,             0
FUTGSHARE_ON_PATH_CORRECT_1_total_pct,         -nan

FUTGSHARE_ON_PATH_MISPREDICT_1_count,             0
FUTGSHARE_ON_PATH_MISPREDICT_1_pct,         -nan
FUTGSHARE_ON_PATH_MISPREDICT_1_total_count,             0
FUTGSHARE_ON_PATH_MISPREDICT_1_total_pct,         -nan
FUTGSHARE_ON_PATH_MISPREDICT_1_sum_count,             0
FUTGSHARE_ON_PATH_MISPREDICT_1_sum_pct,         -nan
FUTGSHARE_ON_PATH_MISPREDICT_1_sum_total_count,             0
FUTGSHARE_ON_PATH_MISPREDICT_1_sum_total_pct,         -nan
FUTGSHARE_ON_PATH_MISPREDICT_1_mean,         -nan
FUTGSHARE_ON_PATH_MISPREDICT_1_stddev,         -nan
FUTGSHARE_ON_PATH_MISPREDICT_1_total_mean,         -nan
FUTGSHARE_ON_PATH_MISPREDICT_1_total_stddev,         -nan

FUTGSHARE_OFF_PATH_CORRECT_1_count,             0
FUTGSHARE_OFF_PATH_CORRECT_1_pct,         -nan
FUTGSHARE_OFF_PATH_CORRECT_1_total_count,             0
FUTGSHARE_OFF_PATH_CORRECT_1_total_pct,         -nan

FUTGSHARE_OFF_PATH_MISPREDICT_1_count,             0
FUTGSHARE_OFF_PATH_MISPREDICT_1_pct,         -nan
FUTGSHARE_OFF_PATH_MISPREDICT_1_total_count,             0
FUTGSHARE_OFF_PATH_MISPREDICT_1_total_pct,         -nan
FUTGSHARE_OFF_PATH_MISPREDICT_1_sum_count,             0
FUTGSHARE_OFF_PATH_MISPREDICT_1_sum_pct,         -nan
FUTGSHARE_OFF_PATH_MISPREDICT_1_sum_total_count,             0
FUTGSHARE_OFF_PATH_MISPREDICT_1_sum_total_pct,         -nan
FUTGSHARE_OFF_PATH_MISPREDICT_1_mean,         -nan
FUTGSHARE_OFF_PATH_MISPREDICT_1_stddev,         -nan
FUTGSHARE_OFF_PATH_MISPREDICT_1_total_mean,         -nan
FUTGSHARE_OFF_PATH_MISPREDICT_1_total_stddev,         -nan

FUTGSHARE_ON_PATH_CORRECT_2_count,             0
FUTGSHARE_ON_PATH_CORRECT_2_pct,         -nan
FUTGSHARE_ON_PATH_CORRECT_2_total_count,             0
FUTGSHARE_ON_PATH_CORRECT_2_total_pct,         -nan

FUTGSHARE_ON_PATH_MISPREDICT_2_count,             0
FUTGSHARE_ON_PATH_MISPREDICT_2_pct,         -nan
FUTGSHARE_ON_PATH_MISPREDICT_2_total_count,             0
FUTGSHARE_ON_PATH_MISPREDICT_2_total_pct,         -nan
FUTGSHARE_ON_PATH_MISPREDICT_2_sum_count,             0
FUTGSHARE_ON_PATH_MISPREDICT_2_sum_pct,         -nan
FUTGSHARE_ON_PATH_MISPREDICT_2_sum_total_count,             0
FUTGSHARE_ON_PATH_MISPREDICT_2_sum_total_pct,         -nan
FUTGSHARE_ON_PATH_MISPREDICT_2_mean,         -nan
FUTGSHARE_ON_PATH_MISPREDICT_2_stddev,         -nan
FUTGSHARE_ON_PATH_MISPREDICT_2_total_mean,         -nan
FUTGSHARE_ON_PATH_MISPREDICT_2_total_stddev,         -nan

FUTGSHARE_OFF_PATH_CORRECT_2_count,             0
FUTGSHARE_OFF_PATH_CORRECT_2_pct,         -nan
FUTGSHARE_OFF_PATH_CORRECT_2_total_count,             0
FUTGSHARE_OFF_PATH_CORRECT_2_total_pct,         -nan

FUTGSHARE_OFF_PATH_MISPREDICT_2_count,             0
FUTGSHARE_OFF_PATH_MISPREDICT_2_pct,         -nan
FUTGSHARE_OFF_PATH_MISPREDICT_2_total_count,             0
FUTGSHARE_OFF_PATH_MISPREDICT_2_total_pct,         -nan
FUTGSHARE_OFF_PATH_MISPREDICT_2_sum_count,             0
FUTGSHARE_OFF_PATH_MISPREDICT_2_sum_pct,         -nan
FUTGSHARE_OFF_PATH_MISPREDICT_2_sum_total_count,             0
FUTGSHARE_OFF_PATH_MISPREDICT_2_sum_total_pct,         -nan
FUTGSHARE_OFF_PATH_MISPREDICT_2_mean,         -nan
FUTGSHARE_OFF_PATH_MISPREDICT_2_stddev,         -nan
FUTGSHARE_OFF_PATH_MISPREDICT_2_total_mean,         -nan
FUTGSHARE_OFF_PATH_MISPREDICT_2_total_stddev,         -nan

FUTGSHARE_ON_PATH_CORRECT_3_count,             0
FUTGSHARE_ON_PATH_CORRECT_3_pct,         -nan
FUTGSHARE_ON_PATH_CORRECT_3_total_count,             0
FUTGSHARE_ON_PATH_CORRECT_3_total_pct,         -nan

FUTGSHARE_ON_PATH_MISPREDICT_3_count,             0
FUTGSHARE_ON_PATH_MISPREDICT_3_pct,         -nan
FUTGSHARE_ON_PATH_MISPREDICT_3_total_count,             0
FUTGSHARE_ON_PATH_MISPREDICT_3_total_pct,         -nan
FUTGSHARE_ON_PATH_MISPREDICT_3_sum_count,             0
FUTGSHARE_ON_PATH_MISPREDICT_3_sum_pct,         -nan
FUTGSHARE_ON_PATH_MISPREDICT_3_sum_total_count,             0
FUTGSHARE_ON_PATH_MISPREDICT_3_sum_total_pct,         -nan
FUTGSHARE_ON_PATH_MISPREDICT_3_mean,         -nan
FUTGSHARE_ON_PATH_MISPREDICT_3_stddev,         -nan
FUTGSHARE_ON_PATH_MISPREDICT_3_total_mean,         -nan
FUTGSHARE_ON_PATH_MISPREDICT_3_total_stddev,         -nan

FUTGSHARE_OFF_PATH_CORRECT_3_count,             0
FUTGSHARE_OFF_PATH_CORRECT_3_pct,         -nan
FUTGSHARE_OFF_PATH_CORRECT_3_total_count,             0
FUTGSHARE_OFF_PATH_CORRECT_3_total_pct,         -nan

FUTGSHARE_OFF_PATH_MISPREDICT_3_count,             0
FUTGSHARE_OFF_PATH_MISPREDICT_3_pct,         -nan
FUTGSHARE_OFF_PATH_MISPREDICT_3_total_count,             0
FUTGSHARE_OFF_PATH_MISPREDICT_3_total_pct,         -nan
FUTGSHARE_OFF_PATH_MISPREDICT_3_sum_count,             0
FUTGSHARE_OFF_PATH_MISPREDICT_3_sum_pct,         -nan
FUTGSHARE_OFF_PATH_MISPREDICT_3_sum_total_count,             0
FUTGSHARE_OFF_PATH_MISPREDICT_3_sum_total_pct,         -nan
FUTGSHARE_OFF_PATH_MISPREDICT_3_mean,         -nan
FUTGSHARE_OFF_PATH_MISPREDICT_3_stddev,         -nan
FUTGSHARE_OFF_PATH_MISPREDICT_3_total_mean,         -nan
FUTGSHARE_OFF_PATH_MISPREDICT_3_total_stddev,         -nan

FUTGSHARE_ON_PATH_CORRECT_4_count,             0
FUTGSHARE_ON_PATH_CORRECT_4_pct,         -nan
FUTGSHARE_ON_PATH_CORRECT_4_total_count,             0
FUTGSHARE_ON_PATH_CORRECT_4_total_pct,         -nan

FUTGSHARE_ON_PATH_MISPREDICT_4_count,             0
FUTGSHARE_ON_PATH_MISPREDICT_4_pct,         -nan
FUTGSHARE_ON_PATH_MISPREDICT_4_total_count,             0
FUTGSHARE_ON_PATH_MISPREDICT_4_total_pct,         -nan
FUTGSHARE_ON_PATH_MISPREDICT_4_sum_count,             0
FUTGSHARE_ON_PATH_MISPREDICT_4_sum_pct,         -nan
FUTGSHARE_ON_PATH_MISPREDICT_4_sum_total_count,             0
FUTGSHARE_ON_PATH_MISPREDICT_4_sum_total_pct,         -nan
FUTGSHARE_ON_PATH_MISPREDICT_4_mean,         -nan
FUTGSHARE_ON_PATH_MISPREDICT_4_stddev,         -nan
FUTGSHARE_ON_PATH_MISPREDICT_4_total_mean,         -nan
FUTGSHARE_ON_PATH_MISPREDICT_4_total_stddev,         -nan

FUTGSHARE_OFF_PATH_CORRECT_4_count,             0
FUTGSHARE_OFF_PATH_CORRECT_4_pct,         -nan
FUTGSHARE_OFF_PATH_CORRECT_4_total_count,             0
FUTGSHARE_OFF_PATH_CORRECT_4_total_pct,         -nan

FUTGSHARE_OFF_PATH_MISPREDICT_4_count,             0
FUTGSHARE_OFF_PATH_MISPREDICT_4_pct,         -nan
FUTGSHARE_OFF_PATH_MISPREDICT_4_total_count,             0
FUTGSHARE_OFF_PATH_MISPREDICT_4_total_pct,         -nan
FUTGSHARE_OFF_PATH_MISPREDICT_4_sum_count,             0
FUTGSHARE_OFF_PATH_MISPREDICT_4_sum_pct,         -nan
FUTGSHARE_OFF_PATH_MISPREDICT_4_sum_total_count,             0
FUTGSHARE_OFF_PATH_MISPREDICT_4_sum_total_pct,         -nan
FUTGSHARE_OFF_PATH_MISPREDICT_4_mean,         -nan
FUTGSHARE_OFF_PATH_MISPREDICT_4_stddev,         -nan
FUTGSHARE_OFF_PATH_MISPREDICT_4_total_mean,         -nan
FUTGSHARE_OFF_PATH_MISPREDICT_4_total_stddev,         -nan

FUTGSHARE_ON_PATH_CORRECT_5_count,             0
FUTGSHARE_ON_PATH_CORRECT_5_pct,         -nan
FUTGSHARE_ON_PATH_CORRECT_5_total_count,             0
FUTGSHARE_ON_PATH_CORRECT_5_total_pct,         -nan

FUTGSHARE_ON_PATH_MISPREDICT_5_count,             0
FUTGSHARE_ON_PATH_MISPREDICT_5_pct,         -nan
FUTGSHARE_ON_PATH_MISPREDICT_5_total_count,             0
FUTGSHARE_ON_PATH_MISPREDICT_5_total_pct,         -nan
FUTGSHARE_ON_PATH_MISPREDICT_5_sum_count,             0
FUTGSHARE_ON_PATH_MISPREDICT_5_sum_pct,         -nan
FUTGSHARE_ON_PATH_MISPREDICT_5_sum_total_count,             0
FUTGSHARE_ON_PATH_MISPREDICT_5_sum_total_pct,         -nan
FUTGSHARE_ON_PATH_MISPREDICT_5_mean,         -nan
FUTGSHARE_ON_PATH_MISPREDICT_5_stddev,         -nan
FUTGSHARE_ON_PATH_MISPREDICT_5_total_mean,         -nan
FUTGSHARE_ON_PATH_MISPREDICT_5_total_stddev,         -nan

FUTGSHARE_OFF_PATH_CORRECT_5_count,             0
FUTGSHARE_OFF_PATH_CORRECT_5_pct,         -nan
FUTGSHARE_OFF_PATH_CORRECT_5_total_count,             0
FUTGSHARE_OFF_PATH_CORRECT_5_total_pct,         -nan

FUTGSHARE_OFF_PATH_MISPREDICT_5_count,             0
FUTGSHARE_OFF_PATH_MISPREDICT_5_pct,         -nan
FUTGSHARE_OFF_PATH_MISPREDICT_5_total_count,             0
FUTGSHARE_OFF_PATH_MISPREDICT_5_total_pct,         -nan
FUTGSHARE_OFF_PATH_MISPREDICT_5_sum_count,             0
FUTGSHARE_OFF_PATH_MISPREDICT_5_sum_pct,         -nan
FUTGSHARE_OFF_PATH_MISPREDICT_5_sum_total_count,             0
FUTGSHARE_OFF_PATH_MISPREDICT_5_sum_total_pct,         -nan
FUTGSHARE_OFF_PATH_MISPREDICT_5_mean,         -nan
FUTGSHARE_OFF_PATH_MISPREDICT_5_stddev,         -nan
FUTGSHARE_OFF_PATH_MISPREDICT_5_total_mean,         -nan
FUTGSHARE_OFF_PATH_MISPREDICT_5_total_stddev,         -nan

FUTGSHARE_ON_PATH_CORRECT_6_count,             0
FUTGSHARE_ON_PATH_CORRECT_6_pct,         -nan
FUTGSHARE_ON_PATH_CORRECT_6_total_count,             0
FUTGSHARE_ON_PATH_CORRECT_6_total_pct,         -nan

FUTGSHARE_ON_PATH_MISPREDICT_6_count,             0
FUTGSHARE_ON_PATH_MISPREDICT_6_pct,         -nan
FUTGSHARE_ON_PATH_MISPREDICT_6_total_count,             0
FUTGSHARE_ON_PATH_MISPREDICT_6_total_pct,         -nan
FUTGSHARE_ON_PATH_MISPREDICT_6_sum_count,             0
FUTGSHARE_ON_PATH_MISPREDICT_6_sum_pct,         -nan
FUTGSHARE_ON_PATH_MISPREDICT_6_sum_total_count,             0
FUTGSHARE_ON_PATH_MISPREDICT_6_sum_total_pct,         -nan
FUTGSHARE_ON_PATH_MISPREDICT_6_mean,         -nan
FUTGSHARE_ON_PATH_MISPREDICT_6_stddev,         -nan
FUTGSHARE_ON_PATH_MISPREDICT_6_total_mean,         -nan
FUTGSHARE_ON_PATH_MISPREDICT_6_total_stddev,         -nan

FUTGSHARE_OFF_PATH_CORRECT_6_count,             0
FUTGSHARE_OFF_PATH_CORRECT_6_pct,         -nan
FUTGSHARE_OFF_PATH_CORRECT_6_total_count,             0
FUTGSHARE_OFF_PATH_CORRECT_6_total_pct,         -nan

FUTGSHARE_OFF_PATH_MISPREDICT_6_count,             0
FUTGSHARE_OFF_PATH_MISPREDICT_6_pct,         -nan
FUTGSHARE_OFF_PATH_MISPREDICT_6_total_count,             0
FUTGSHARE_OFF_PATH_MISPREDICT_6_total_pct,         -nan
FUTGSHARE_OFF_PATH_MISPREDICT_6_sum_count,             0
FUTGSHARE_OFF_PATH_MISPREDICT_6_sum_pct,         -nan
FUTGSHARE_OFF_PATH_MISPREDICT_6_sum_total_count,             0
FUTGSHARE_OFF_PATH_MISPREDICT_6_sum_total_pct,         -nan
FUTGSHARE_OFF_PATH_MISPREDICT_6_mean,         -nan
FUTGSHARE_OFF_PATH_MISPREDICT_6_stddev,         -nan
FUTGSHARE_OFF_PATH_MISPREDICT_6_total_mean,         -nan
FUTGSHARE_OFF_PATH_MISPREDICT_6_total_stddev,         -nan

FUTGSHARE_ON_PATH_CORRECT_7_count,             0
FUTGSHARE_ON_PATH_CORRECT_7_pct,         -nan
FUTGSHARE_ON_PATH_CORRECT_7_total_count,             0
FUTGSHARE_ON_PATH_CORRECT_7_total_pct,         -nan

FUTGSHARE_ON_PATH_MISPREDICT_7_count,             0
FUTGSHARE_ON_PATH_MISPREDICT_7_pct,         -nan
FUTGSHARE_ON_PATH_MISPREDICT_7_total_count,             0
FUTGSHARE_ON_PATH_MISPREDICT_7_total_pct,         -nan
FUTGSHARE_ON_PATH_MISPREDICT_7_sum_count,             0
FUTGSHARE_ON_PATH_MISPREDICT_7_sum_pct,         -nan
FUTGSHARE_ON_PATH_MISPREDICT_7_sum_total_count,             0
FUTGSHARE_ON_PATH_MISPREDICT_7_sum_total_pct,         -nan
FUTGSHARE_ON_PATH_MISPREDICT_7_mean,         -nan
FUTGSHARE_ON_PATH_MISPREDICT_7_stddev,         -nan
FUTGSHARE_ON_PATH_MISPREDICT_7_total_mean,         -nan
FUTGSHARE_ON_PATH_MISPREDICT_7_total_stddev,         -nan

FUTGSHARE_OFF_PATH_CORRECT_7_count,             0
FUTGSHARE_OFF_PATH_CORRECT_7_pct,         -nan
FUTGSHARE_OFF_PATH_CORRECT_7_total_count,             0
FUTGSHARE_OFF_PATH_CORRECT_7_total_pct,         -nan

FUTGSHARE_OFF_PATH_MISPREDICT_7_count,             0
FUTGSHARE_OFF_PATH_MISPREDICT_7_pct,         -nan
FUTGSHARE_OFF_PATH_MISPREDICT_7_total_count,             0
FUTGSHARE_OFF_PATH_MISPREDICT_7_total_pct,         -nan
FUTGSHARE_OFF_PATH_MISPREDICT_7_sum_count,             0
FUTGSHARE_OFF_PATH_MISPREDICT_7_sum_pct,         -nan
FUTGSHARE_OFF_PATH_MISPREDICT_7_sum_total_count,             0
FUTGSHARE_OFF_PATH_MISPREDICT_7_sum_total_pct,         -nan
FUTGSHARE_OFF_PATH_MISPREDICT_7_mean,         -nan
FUTGSHARE_OFF_PATH_MISPREDICT_7_stddev,         -nan
FUTGSHARE_OFF_PATH_MISPREDICT_7_total_mean,         -nan
FUTGSHARE_OFF_PATH_MISPREDICT_7_total_stddev,         -nan

FUTGSHARE_ON_PATH_CORRECT_8_count,             0
FUTGSHARE_ON_PATH_CORRECT_8_pct,         -nan
FUTGSHARE_ON_PATH_CORRECT_8_total_count,             0
FUTGSHARE_ON_PATH_CORRECT_8_total_pct,         -nan

FUTGSHARE_ON_PATH_MISPREDICT_8_count,             0
FUTGSHARE_ON_PATH_MISPREDICT_8_pct,         -nan
FUTGSHARE_ON_PATH_MISPREDICT_8_total_count,             0
FUTGSHARE_ON_PATH_MISPREDICT_8_total_pct,         -nan
FUTGSHARE_ON_PATH_MISPREDICT_8_sum_count,             0
FUTGSHARE_ON_PATH_MISPREDICT_8_sum_pct,         -nan
FUTGSHARE_ON_PATH_MISPREDICT_8_sum_total_count,             0
FUTGSHARE_ON_PATH_MISPREDICT_8_sum_total_pct,         -nan
FUTGSHARE_ON_PATH_MISPREDICT_8_mean,         -nan
FUTGSHARE_ON_PATH_MISPREDICT_8_stddev,         -nan
FUTGSHARE_ON_PATH_MISPREDICT_8_total_mean,         -nan
FUTGSHARE_ON_PATH_MISPREDICT_8_total_stddev,         -nan

FUTGSHARE_OFF_PATH_CORRECT_8_count,             0
FUTGSHARE_OFF_PATH_CORRECT_8_pct,         -nan
FUTGSHARE_OFF_PATH_CORRECT_8_total_count,             0
FUTGSHARE_OFF_PATH_CORRECT_8_total_pct,         -nan

FUTGSHARE_OFF_PATH_MISPREDICT_8_count,             0
FUTGSHARE_OFF_PATH_MISPREDICT_8_pct,         -nan
FUTGSHARE_OFF_PATH_MISPREDICT_8_total_count,             0
FUTGSHARE_OFF_PATH_MISPREDICT_8_total_pct,         -nan
FUTGSHARE_OFF_PATH_MISPREDICT_8_sum_count,             0
FUTGSHARE_OFF_PATH_MISPREDICT_8_sum_pct,         -nan
FUTGSHARE_OFF_PATH_MISPREDICT_8_sum_total_count,             0
FUTGSHARE_OFF_PATH_MISPREDICT_8_sum_total_pct,         -nan
FUTGSHARE_OFF_PATH_MISPREDICT_8_mean,         -nan
FUTGSHARE_OFF_PATH_MISPREDICT_8_stddev,         -nan
FUTGSHARE_OFF_PATH_MISPREDICT_8_total_mean,         -nan
FUTGSHARE_OFF_PATH_MISPREDICT_8_total_stddev,         -nan

FUTGSHARE_ON_PATH_CORRECT_9_count,             0
FUTGSHARE_ON_PATH_CORRECT_9_pct,         -nan
FUTGSHARE_ON_PATH_CORRECT_9_total_count,             0
FUTGSHARE_ON_PATH_CORRECT_9_total_pct,         -nan

FUTGSHARE_ON_PATH_MISPREDICT_9_count,             0
FUTGSHARE_ON_PATH_MISPREDICT_9_pct,         -nan
FUTGSHARE_ON_PATH_MISPREDICT_9_total_count,             0
FUTGSHARE_ON_PATH_MISPREDICT_9_total_pct,         -nan
FUTGSHARE_ON_PATH_MISPREDICT_9_sum_count,             0
FUTGSHARE_ON_PATH_MISPREDICT_9_sum_pct,         -nan
FUTGSHARE_ON_PATH_MISPREDICT_9_sum_total_count,             0
FUTGSHARE_ON_PATH_MISPREDICT_9_sum_total_pct,         -nan
FUTGSHARE_ON_PATH_MISPREDICT_9_mean,         -nan
FUTGSHARE_ON_PATH_MISPREDICT_9_stddev,         -nan
FUTGSHARE_ON_PATH_MISPREDICT_9_total_mean,         -nan
FUTGSHARE_ON_PATH_MISPREDICT_9_total_stddev,         -nan

FUTGSHARE_OFF_PATH_CORRECT_9_count,             0
FUTGSHARE_OFF_PATH_CORRECT_9_pct,         -nan
FUTGSHARE_OFF_PATH_CORRECT_9_total_count,             0
FUTGSHARE_OFF_PATH_CORRECT_9_total_pct,         -nan

FUTGSHARE_OFF_PATH_MISPREDICT_9_count,             0
FUTGSHARE_OFF_PATH_MISPREDICT_9_pct,         -nan
FUTGSHARE_OFF_PATH_MISPREDICT_9_total_count,             0
FUTGSHARE_OFF_PATH_MISPREDICT_9_total_pct,         -nan
FUTGSHARE_OFF_PATH_MISPREDICT_9_sum_count,             0
FUTGSHARE_OFF_PATH_MISPREDICT_9_sum_pct,         -nan
FUTGSHARE_OFF_PATH_MISPREDICT_9_sum_total_count,             0
FUTGSHARE_OFF_PATH_MISPREDICT_9_sum_total_pct,         -nan
FUTGSHARE_OFF_PATH_MISPREDICT_9_mean,         -nan
FUTGSHARE_OFF_PATH_MISPREDICT_9_stddev,         -nan
FUTGSHARE_OFF_PATH_MISPREDICT_9_total_mean,         -nan
FUTGSHARE_OFF_PATH_MISPREDICT_9_total_stddev,         -nan

FUTGSHARE_ON_PATH_CORRECT_10_count,             0
FUTGSHARE_ON_PATH_CORRECT_10_pct,         -nan
FUTGSHARE_ON_PATH_CORRECT_10_total_count,             0
FUTGSHARE_ON_PATH_CORRECT_10_total_pct,         -nan

FUTGSHARE_ON_PATH_MISPREDICT_10_count,             0
FUTGSHARE_ON_PATH_MISPREDICT_10_pct,         -nan
FUTGSHARE_ON_PATH_MISPREDICT_10_total_count,             0
FUTGSHARE_ON_PATH_MISPREDICT_10_total_pct,         -nan
FUTGSHARE_ON_PATH_MISPREDICT_10_sum_count,             0
FUTGSHARE_ON_PATH_MISPREDICT_10_sum_pct,         -nan
FUTGSHARE_ON_PATH_MISPREDICT_10_sum_total_count,             0
FUTGSHARE_ON_PATH_MISPREDICT_10_sum_total_pct,         -nan
FUTGSHARE_ON_PATH_MISPREDICT_10_mean,         -nan
FUTGSHARE_ON_PATH_MISPREDICT_10_stddev,         -nan
FUTGSHARE_ON_PATH_MISPREDICT_10_total_mean,         -nan
FUTGSHARE_ON_PATH_MISPREDICT_10_total_stddev,         -nan

FUTGSHARE_OFF_PATH_CORRECT_10_count,             0
FUTGSHARE_OFF_PATH_CORRECT_10_pct,         -nan
FUTGSHARE_OFF_PATH_CORRECT_10_total_count,             0
FUTGSHARE_OFF_PATH_CORRECT_10_total_pct,         -nan

FUTGSHARE_OFF_PATH_MISPREDICT_10_count,             0
FUTGSHARE_OFF_PATH_MISPREDICT_10_pct,         -nan
FUTGSHARE_OFF_PATH_MISPREDICT_10_total_count,             0
FUTGSHARE_OFF_PATH_MISPREDICT_10_total_pct,         -nan
FUTGSHARE_OFF_PATH_MISPREDICT_10_sum_count,             0
FUTGSHARE_OFF_PATH_MISPREDICT_10_sum_pct,         -nan
FUTGSHARE_OFF_PATH_MISPREDICT_10_sum_total_count,             0
FUTGSHARE_OFF_PATH_MISPREDICT_10_sum_total_pct,         -nan
FUTGSHARE_OFF_PATH_MISPREDICT_10_mean,         -nan
FUTGSHARE_OFF_PATH_MISPREDICT_10_stddev,         -nan
FUTGSHARE_OFF_PATH_MISPREDICT_10_total_mean,         -nan
FUTGSHARE_OFF_PATH_MISPREDICT_10_total_stddev,         -nan

FUTGSHARE_ON_PATH_CORRECT_11_count,             0
FUTGSHARE_ON_PATH_CORRECT_11_pct,         -nan
FUTGSHARE_ON_PATH_CORRECT_11_total_count,             0
FUTGSHARE_ON_PATH_CORRECT_11_total_pct,         -nan

FUTGSHARE_ON_PATH_MISPREDICT_11_count,             0
FUTGSHARE_ON_PATH_MISPREDICT_11_pct,         -nan
FUTGSHARE_ON_PATH_MISPREDICT_11_total_count,             0
FUTGSHARE_ON_PATH_MISPREDICT_11_total_pct,         -nan
FUTGSHARE_ON_PATH_MISPREDICT_11_sum_count,             0
FUTGSHARE_ON_PATH_MISPREDICT_11_sum_pct,         -nan
FUTGSHARE_ON_PATH_MISPREDICT_11_sum_total_count,             0
FUTGSHARE_ON_PATH_MISPREDICT_11_sum_total_pct,         -nan
FUTGSHARE_ON_PATH_MISPREDICT_11_mean,         -nan
FUTGSHARE_ON_PATH_MISPREDICT_11_stddev,         -nan
FUTGSHARE_ON_PATH_MISPREDICT_11_total_mean,         -nan
FUTGSHARE_ON_PATH_MISPREDICT_11_total_stddev,         -nan

FUTGSHARE_OFF_PATH_CORRECT_11_count,             0
FUTGSHARE_OFF_PATH_CORRECT_11_pct,         -nan
FUTGSHARE_OFF_PATH_CORRECT_11_total_count,             0
FUTGSHARE_OFF_PATH_CORRECT_11_total_pct,         -nan

FUTGSHARE_OFF_PATH_MISPREDICT_11_count,             0
FUTGSHARE_OFF_PATH_MISPREDICT_11_pct,         -nan
FUTGSHARE_OFF_PATH_MISPREDICT_11_total_count,             0
FUTGSHARE_OFF_PATH_MISPREDICT_11_total_pct,         -nan
FUTGSHARE_OFF_PATH_MISPREDICT_11_sum_count,             0
FUTGSHARE_OFF_PATH_MISPREDICT_11_sum_pct,         -nan
FUTGSHARE_OFF_PATH_MISPREDICT_11_sum_total_count,             0
FUTGSHARE_OFF_PATH_MISPREDICT_11_sum_total_pct,         -nan
FUTGSHARE_OFF_PATH_MISPREDICT_11_mean,         -nan
FUTGSHARE_OFF_PATH_MISPREDICT_11_stddev,         -nan
FUTGSHARE_OFF_PATH_MISPREDICT_11_total_mean,         -nan
FUTGSHARE_OFF_PATH_MISPREDICT_11_total_stddev,         -nan

FUTGSHARE_ON_PATH_CORRECT_12_count,             0
FUTGSHARE_ON_PATH_CORRECT_12_pct,         -nan
FUTGSHARE_ON_PATH_CORRECT_12_total_count,             0
FUTGSHARE_ON_PATH_CORRECT_12_total_pct,         -nan

FUTGSHARE_ON_PATH_MISPREDICT_12_count,             0
FUTGSHARE_ON_PATH_MISPREDICT_12_pct,         -nan
FUTGSHARE_ON_PATH_MISPREDICT_12_total_count,             0
FUTGSHARE_ON_PATH_MISPREDICT_12_total_pct,         -nan
FUTGSHARE_ON_PATH_MISPREDICT_12_sum_count,             0
FUTGSHARE_ON_PATH_MISPREDICT_12_sum_pct,         -nan
FUTGSHARE_ON_PATH_MISPREDICT_12_sum_total_count,             0
FUTGSHARE_ON_PATH_MISPREDICT_12_sum_total_pct,         -nan
FUTGSHARE_ON_PATH_MISPREDICT_12_mean,         -nan
FUTGSHARE_ON_PATH_MISPREDICT_12_stddev,         -nan
FUTGSHARE_ON_PATH_MISPREDICT_12_total_mean,         -nan
FUTGSHARE_ON_PATH_MISPREDICT_12_total_stddev,         -nan

FUTGSHARE_OFF_PATH_CORRECT_12_count,             0
FUTGSHARE_OFF_PATH_CORRECT_12_pct,         -nan
FUTGSHARE_OFF_PATH_CORRECT_12_total_count,             0
FUTGSHARE_OFF_PATH_CORRECT_12_total_pct,         -nan

FUTGSHARE_OFF_PATH_MISPREDICT_12_count,             0
FUTGSHARE_OFF_PATH_MISPREDICT_12_pct,         -nan
FUTGSHARE_OFF_PATH_MISPREDICT_12_total_count,             0
FUTGSHARE_OFF_PATH_MISPREDICT_12_total_pct,         -nan
FUTGSHARE_OFF_PATH_MISPREDICT_12_sum_count,             0
FUTGSHARE_OFF_PATH_MISPREDICT_12_sum_pct,         -nan
FUTGSHARE_OFF_PATH_MISPREDICT_12_sum_total_count,             0
FUTGSHARE_OFF_PATH_MISPREDICT_12_sum_total_pct,         -nan
FUTGSHARE_OFF_PATH_MISPREDICT_12_mean,         -nan
FUTGSHARE_OFF_PATH_MISPREDICT_12_stddev,         -nan
FUTGSHARE_OFF_PATH_MISPREDICT_12_total_mean,         -nan
FUTGSHARE_OFF_PATH_MISPREDICT_12_total_stddev,         -nan

FUTGSHARE_ON_PATH_CORRECT_13_count,             0
FUTGSHARE_ON_PATH_CORRECT_13_pct,         -nan
FUTGSHARE_ON_PATH_CORRECT_13_total_count,             0
FUTGSHARE_ON_PATH_CORRECT_13_total_pct,         -nan

FUTGSHARE_ON_PATH_MISPREDICT_13_count,             0
FUTGSHARE_ON_PATH_MISPREDICT_13_pct,         -nan
FUTGSHARE_ON_PATH_MISPREDICT_13_total_count,             0
FUTGSHARE_ON_PATH_MISPREDICT_13_total_pct,         -nan
FUTGSHARE_ON_PATH_MISPREDICT_13_sum_count,             0
FUTGSHARE_ON_PATH_MISPREDICT_13_sum_pct,         -nan
FUTGSHARE_ON_PATH_MISPREDICT_13_sum_total_count,             0
FUTGSHARE_ON_PATH_MISPREDICT_13_sum_total_pct,         -nan
FUTGSHARE_ON_PATH_MISPREDICT_13_mean,         -nan
FUTGSHARE_ON_PATH_MISPREDICT_13_stddev,         -nan
FUTGSHARE_ON_PATH_MISPREDICT_13_total_mean,         -nan
FUTGSHARE_ON_PATH_MISPREDICT_13_total_stddev,         -nan

FUTGSHARE_OFF_PATH_CORRECT_13_count,             0
FUTGSHARE_OFF_PATH_CORRECT_13_pct,         -nan
FUTGSHARE_OFF_PATH_CORRECT_13_total_count,             0
FUTGSHARE_OFF_PATH_CORRECT_13_total_pct,         -nan

FUTGSHARE_OFF_PATH_MISPREDICT_13_count,             0
FUTGSHARE_OFF_PATH_MISPREDICT_13_pct,         -nan
FUTGSHARE_OFF_PATH_MISPREDICT_13_total_count,             0
FUTGSHARE_OFF_PATH_MISPREDICT_13_total_pct,         -nan
FUTGSHARE_OFF_PATH_MISPREDICT_13_sum_count,             0
FUTGSHARE_OFF_PATH_MISPREDICT_13_sum_pct,         -nan
FUTGSHARE_OFF_PATH_MISPREDICT_13_sum_total_count,             0
FUTGSHARE_OFF_PATH_MISPREDICT_13_sum_total_pct,         -nan
FUTGSHARE_OFF_PATH_MISPREDICT_13_mean,         -nan
FUTGSHARE_OFF_PATH_MISPREDICT_13_stddev,         -nan
FUTGSHARE_OFF_PATH_MISPREDICT_13_total_mean,         -nan
FUTGSHARE_OFF_PATH_MISPREDICT_13_total_stddev,         -nan

FUTGSHARE_ON_PATH_CORRECT_14_count,             0
FUTGSHARE_ON_PATH_CORRECT_14_pct,         -nan
FUTGSHARE_ON_PATH_CORRECT_14_total_count,             0
FUTGSHARE_ON_PATH_CORRECT_14_total_pct,         -nan

FUTGSHARE_ON_PATH_MISPREDICT_14_count,             0
FUTGSHARE_ON_PATH_MISPREDICT_14_pct,         -nan
FUTGSHARE_ON_PATH_MISPREDICT_14_total_count,             0
FUTGSHARE_ON_PATH_MISPREDICT_14_total_pct,         -nan
FUTGSHARE_ON_PATH_MISPREDICT_14_sum_count,             0
FUTGSHARE_ON_PATH_MISPREDICT_14_sum_pct,         -nan
FUTGSHARE_ON_PATH_MISPREDICT_14_sum_total_count,             0
FUTGSHARE_ON_PATH_MISPREDICT_14_sum_total_pct,         -nan
FUTGSHARE_ON_PATH_MISPREDICT_14_mean,         -nan
FUTGSHARE_ON_PATH_MISPREDICT_14_stddev,         -nan
FUTGSHARE_ON_PATH_MISPREDICT_14_total_mean,         -nan
FUTGSHARE_ON_PATH_MISPREDICT_14_total_stddev,         -nan

FUTGSHARE_OFF_PATH_CORRECT_14_count,             0
FUTGSHARE_OFF_PATH_CORRECT_14_pct,         -nan
FUTGSHARE_OFF_PATH_CORRECT_14_total_count,             0
FUTGSHARE_OFF_PATH_CORRECT_14_total_pct,         -nan

FUTGSHARE_OFF_PATH_MISPREDICT_14_count,             0
FUTGSHARE_OFF_PATH_MISPREDICT_14_pct,         -nan
FUTGSHARE_OFF_PATH_MISPREDICT_14_total_count,             0
FUTGSHARE_OFF_PATH_MISPREDICT_14_total_pct,         -nan
FUTGSHARE_OFF_PATH_MISPREDICT_14_sum_count,             0
FUTGSHARE_OFF_PATH_MISPREDICT_14_sum_pct,         -nan
FUTGSHARE_OFF_PATH_MISPREDICT_14_sum_total_count,             0
FUTGSHARE_OFF_PATH_MISPREDICT_14_sum_total_pct,         -nan
FUTGSHARE_OFF_PATH_MISPREDICT_14_mean,         -nan
FUTGSHARE_OFF_PATH_MISPREDICT_14_stddev,         -nan
FUTGSHARE_OFF_PATH_MISPREDICT_14_total_mean,         -nan
FUTGSHARE_OFF_PATH_MISPREDICT_14_total_stddev,         -nan

FUTGSHARE_ON_PATH_CORRECT_15_count,             0
FUTGSHARE_ON_PATH_CORRECT_15_pct,         -nan
FUTGSHARE_ON_PATH_CORRECT_15_total_count,             0
FUTGSHARE_ON_PATH_CORRECT_15_total_pct,         -nan

FUTGSHARE_ON_PATH_MISPREDICT_15_count,             0
FUTGSHARE_ON_PATH_MISPREDICT_15_pct,         -nan
FUTGSHARE_ON_PATH_MISPREDICT_15_total_count,             0
FUTGSHARE_ON_PATH_MISPREDICT_15_total_pct,         -nan
FUTGSHARE_ON_PATH_MISPREDICT_15_sum_count,             0
FUTGSHARE_ON_PATH_MISPREDICT_15_sum_pct,         -nan
FUTGSHARE_ON_PATH_MISPREDICT_15_sum_total_count,             0
FUTGSHARE_ON_PATH_MISPREDICT_15_sum_total_pct,         -nan
FUTGSHARE_ON_PATH_MISPREDICT_15_mean,         -nan
FUTGSHARE_ON_PATH_MISPREDICT_15_stddev,         -nan
FUTGSHARE_ON_PATH_MISPREDICT_15_total_mean,         -nan
FUTGSHARE_ON_PATH_MISPREDICT_15_total_stddev,         -nan

FUTGSHARE_OFF_PATH_CORRECT_15_count,             0
FUTGSHARE_OFF_PATH_CORRECT_15_pct,         -nan
FUTGSHARE_OFF_PATH_CORRECT_15_total_count,             0
FUTGSHARE_OFF_PATH_CORRECT_15_total_pct,         -nan

FUTGSHARE_OFF_PATH_MISPREDICT_15_count,             0
FUTGSHARE_OFF_PATH_MISPREDICT_15_pct,         -nan
FUTGSHARE_OFF_PATH_MISPREDICT_15_total_count,             0
FUTGSHARE_OFF_PATH_MISPREDICT_15_total_pct,         -nan
FUTGSHARE_OFF_PATH_MISPREDICT_15_sum_count,             0
FUTGSHARE_OFF_PATH_MISPREDICT_15_sum_pct,         -nan
FUTGSHARE_OFF_PATH_MISPREDICT_15_sum_total_count,             0
FUTGSHARE_OFF_PATH_MISPREDICT_15_sum_total_pct,         -nan
FUTGSHARE_OFF_PATH_MISPREDICT_15_mean,         -nan
FUTGSHARE_OFF_PATH_MISPREDICT_15_stddev,         -nan
FUTGSHARE_OFF_PATH_MISPREDICT_15_total_mean,         -nan
FUTGSHARE_OFF_PATH_MISPREDICT_15_total_stddev,         -nan

FUTGSHARE_CHANGED_CORRECTED_ON_PATH_0_count,             0
FUTGSHARE_CHANGED_CORRECTED_ON_PATH_0_pct,         -nan
FUTGSHARE_CHANGED_CORRECTED_ON_PATH_0_total_count,             0
FUTGSHARE_CHANGED_CORRECTED_ON_PATH_0_total_pct,         -nan

FUTGSHARE_CHANGED_SCREWED_ON_PATH_0_count,             0
FUTGSHARE_CHANGED_SCREWED_ON_PATH_0_pct,         -nan
FUTGSHARE_CHANGED_SCREWED_ON_PATH_0_total_count,             0
FUTGSHARE_CHANGED_SCREWED_ON_PATH_0_total_pct,         -nan
FUTGSHARE_CHANGED_SCREWED_ON_PATH_0_sum_count,             0
FUTGSHARE_CHANGED_SCREWED_ON_PATH_0_sum_pct,         -nan
FUTGSHARE_CHANGED_SCREWED_ON_PATH_0_sum_total_count,             0
FUTGSHARE_CHANGED_SCREWED_ON_PATH_0_sum_total_pct,         -nan
FUTGSHARE_CHANGED_SCREWED_ON_PATH_0_mean,         -nan
FUTGSHARE_CHANGED_SCREWED_ON_PATH_0_stddev,         -nan
FUTGSHARE_CHANGED_SCREWED_ON_PATH_0_total_mean,         -nan
FUTGSHARE_CHANGED_SCREWED_ON_PATH_0_total_stddev,         -nan

FUTGSHARE_CHANGED_CORRECTED_OFF_PATH_0_count,             0
FUTGSHARE_CHANGED_CORRECTED_OFF_PATH_0_pct,         -nan
FUTGSHARE_CHANGED_CORRECTED_OFF_PATH_0_total_count,             0
FUTGSHARE_CHANGED_CORRECTED_OFF_PATH_0_total_pct,         -nan

FUTGSHARE_CHANGED_SCREWED_OFF_PATH_0_count,             0
FUTGSHARE_CHANGED_SCREWED_OFF_PATH_0_pct,         -nan
FUTGSHARE_CHANGED_SCREWED_OFF_PATH_0_total_count,             0
FUTGSHARE_CHANGED_SCREWED_OFF_PATH_0_total_pct,         -nan
FUTGSHARE_CHANGED_SCREWED_OFF_PATH_0_sum_count,             0
FUTGSHARE_CHANGED_SCREWED_OFF_PATH_0_sum_pct,         -nan
FUTGSHARE_CHANGED_SCREWED_OFF_PATH_0_sum_total_count,             0
FUTGSHARE_CHANGED_SCREWED_OFF_PATH_0_sum_total_pct,         -nan
FUTGSHARE_CHANGED_SCREWED_OFF_PATH_0_mean,         -nan
FUTGSHARE_CHANGED_SCREWED_OFF_PATH_0_stddev,         -nan
FUTGSHARE_CHANGED_SCREWED_OFF_PATH_0_total_mean,         -nan
FUTGSHARE_CHANGED_SCREWED_OFF_PATH_0_total_stddev,         -nan

FUTGSHARE_CHANGED_CORRECTED_ON_PATH_1_count,             0
FUTGSHARE_CHANGED_CORRECTED_ON_PATH_1_pct,         -nan
FUTGSHARE_CHANGED_CORRECTED_ON_PATH_1_total_count,             0
FUTGSHARE_CHANGED_CORRECTED_ON_PATH_1_total_pct,         -nan

FUTGSHARE_CHANGED_SCREWED_ON_PATH_1_count,             0
FUTGSHARE_CHANGED_SCREWED_ON_PATH_1_pct,         -nan
FUTGSHARE_CHANGED_SCREWED_ON_PATH_1_total_count,             0
FUTGSHARE_CHANGED_SCREWED_ON_PATH_1_total_pct,         -nan
FUTGSHARE_CHANGED_SCREWED_ON_PATH_1_sum_count,             0
FUTGSHARE_CHANGED_SCREWED_ON_PATH_1_sum_pct,         -nan
FUTGSHARE_CHANGED_SCREWED_ON_PATH_1_sum_total_count,             0
FUTGSHARE_CHANGED_SCREWED_ON_PATH_1_sum_total_pct,         -nan
FUTGSHARE_CHANGED_SCREWED_ON_PATH_1_mean,         -nan
FUTGSHARE_CHANGED_SCREWED_ON_PATH_1_stddev,         -nan
FUTGSHARE_CHANGED_SCREWED_ON_PATH_1_total_mean,         -nan
FUTGSHARE_CHANGED_SCREWED_ON_PATH_1_total_stddev,         -nan

FUTGSHARE_CHANGED_CORRECTED_OFF_PATH_1_count,             0
FUTGSHARE_CHANGED_CORRECTED_OFF_PATH_1_pct,         -nan
FUTGSHARE_CHANGED_CORRECTED_OFF_PATH_1_total_count,             0
FUTGSHARE_CHANGED_CORRECTED_OFF_PATH_1_total_pct,         -nan

FUTGSHARE_CHANGED_SCREWED_OFF_PATH_1_count,             0
FUTGSHARE_CHANGED_SCREWED_OFF_PATH_1_pct,         -nan
FUTGSHARE_CHANGED_SCREWED_OFF_PATH_1_total_count,             0
FUTGSHARE_CHANGED_SCREWED_OFF_PATH_1_total_pct,         -nan
FUTGSHARE_CHANGED_SCREWED_OFF_PATH_1_sum_count,             0
FUTGSHARE_CHANGED_SCREWED_OFF_PATH_1_sum_pct,         -nan
FUTGSHARE_CHANGED_SCREWED_OFF_PATH_1_sum_total_count,             0
FUTGSHARE_CHANGED_SCREWED_OFF_PATH_1_sum_total_pct,         -nan
FUTGSHARE_CHANGED_SCREWED_OFF_PATH_1_mean,         -nan
FUTGSHARE_CHANGED_SCREWED_OFF_PATH_1_stddev,         -nan
FUTGSHARE_CHANGED_SCREWED_OFF_PATH_1_total_mean,         -nan
FUTGSHARE_CHANGED_SCREWED_OFF_PATH_1_total_stddev,         -nan

FUTGSHARE_CHANGED_CORRECTED_ON_PATH_2_count,             0
FUTGSHARE_CHANGED_CORRECTED_ON_PATH_2_pct,         -nan
FUTGSHARE_CHANGED_CORRECTED_ON_PATH_2_total_count,             0
FUTGSHARE_CHANGED_CORRECTED_ON_PATH_2_total_pct,         -nan

FUTGSHARE_CHANGED_SCREWED_ON_PATH_2_count,             0
FUTGSHARE_CHANGED_SCREWED_ON_PATH_2_pct,         -nan
FUTGSHARE_CHANGED_SCREWED_ON_PATH_2_total_count,             0
FUTGSHARE_CHANGED_SCREWED_ON_PATH_2_total_pct,         -nan
FUTGSHARE_CHANGED_SCREWED_ON_PATH_2_sum_count,             0
FUTGSHARE_CHANGED_SCREWED_ON_PATH_2_sum_pct,         -nan
FUTGSHARE_CHANGED_SCREWED_ON_PATH_2_sum_total_count,             0
FUTGSHARE_CHANGED_SCREWED_ON_PATH_2_sum_total_pct,         -nan
FUTGSHARE_CHANGED_SCREWED_ON_PATH_2_mean,         -nan
FUTGSHARE_CHANGED_SCREWED_ON_PATH_2_stddev,         -nan
FUTGSHARE_CHANGED_SCREWED_ON_PATH_2_total_mean,         -nan
FUTGSHARE_CHANGED_SCREWED_ON_PATH_2_total_stddev,         -nan

FUTGSHARE_CHANGED_CORRECTED_OFF_PATH_2_count,             0
FUTGSHARE_CHANGED_CORRECTED_OFF_PATH_2_pct,         -nan
FUTGSHARE_CHANGED_CORRECTED_OFF_PATH_2_total_count,             0
FUTGSHARE_CHANGED_CORRECTED_OFF_PATH_2_total_pct,         -nan

FUTGSHARE_CHANGED_SCREWED_OFF_PATH_2_count,             0
FUTGSHARE_CHANGED_SCREWED_OFF_PATH_2_pct,         -nan
FUTGSHARE_CHANGED_SCREWED_OFF_PATH_2_total_count,             0
FUTGSHARE_CHANGED_SCREWED_OFF_PATH_2_total_pct,         -nan
FUTGSHARE_CHANGED_SCREWED_OFF_PATH_2_sum_count,             0
FUTGSHARE_CHANGED_SCREWED_OFF_PATH_2_sum_pct,         -nan
FUTGSHARE_CHANGED_SCREWED_OFF_PATH_2_sum_total_count,             0
FUTGSHARE_CHANGED_SCREWED_OFF_PATH_2_sum_total_pct,         -nan
FUTGSHARE_CHANGED_SCREWED_OFF_PATH_2_mean,         -nan
FUTGSHARE_CHANGED_SCREWED_OFF_PATH_2_stddev,         -nan
FUTGSHARE_CHANGED_SCREWED_OFF_PATH_2_total_mean,         -nan
FUTGSHARE_CHANGED_SCREWED_OFF_PATH_2_total_stddev,         -nan

FUTGSHARE_CHANGED_CORRECTED_ON_PATH_3_count,             0
FUTGSHARE_CHANGED_CORRECTED_ON_PATH_3_pct,         -nan
FUTGSHARE_CHANGED_CORRECTED_ON_PATH_3_total_count,             0
FUTGSHARE_CHANGED_CORRECTED_ON_PATH_3_total_pct,         -nan

FUTGSHARE_CHANGED_SCREWED_ON_PATH_3_count,             0
FUTGSHARE_CHANGED_SCREWED_ON_PATH_3_pct,         -nan
FUTGSHARE_CHANGED_SCREWED_ON_PATH_3_total_count,             0
FUTGSHARE_CHANGED_SCREWED_ON_PATH_3_total_pct,         -nan
FUTGSHARE_CHANGED_SCREWED_ON_PATH_3_sum_count,             0
FUTGSHARE_CHANGED_SCREWED_ON_PATH_3_sum_pct,         -nan
FUTGSHARE_CHANGED_SCREWED_ON_PATH_3_sum_total_count,             0
FUTGSHARE_CHANGED_SCREWED_ON_PATH_3_sum_total_pct,         -nan
FUTGSHARE_CHANGED_SCREWED_ON_PATH_3_mean,         -nan
FUTGSHARE_CHANGED_SCREWED_ON_PATH_3_stddev,         -nan
FUTGSHARE_CHANGED_SCREWED_ON_PATH_3_total_mean,         -nan
FUTGSHARE_CHANGED_SCREWED_ON_PATH_3_total_stddev,         -nan

FUTGSHARE_CHANGED_CORRECTED_OFF_PATH_3_count,             0
FUTGSHARE_CHANGED_CORRECTED_OFF_PATH_3_pct,         -nan
FUTGSHARE_CHANGED_CORRECTED_OFF_PATH_3_total_count,             0
FUTGSHARE_CHANGED_CORRECTED_OFF_PATH_3_total_pct,         -nan

FUTGSHARE_CHANGED_SCREWED_OFF_PATH_3_count,             0
FUTGSHARE_CHANGED_SCREWED_OFF_PATH_3_pct,         -nan
FUTGSHARE_CHANGED_SCREWED_OFF_PATH_3_total_count,             0
FUTGSHARE_CHANGED_SCREWED_OFF_PATH_3_total_pct,         -nan
FUTGSHARE_CHANGED_SCREWED_OFF_PATH_3_sum_count,             0
FUTGSHARE_CHANGED_SCREWED_OFF_PATH_3_sum_pct,         -nan
FUTGSHARE_CHANGED_SCREWED_OFF_PATH_3_sum_total_count,             0
FUTGSHARE_CHANGED_SCREWED_OFF_PATH_3_sum_total_pct,         -nan
FUTGSHARE_CHANGED_SCREWED_OFF_PATH_3_mean,         -nan
FUTGSHARE_CHANGED_SCREWED_OFF_PATH_3_stddev,         -nan
FUTGSHARE_CHANGED_SCREWED_OFF_PATH_3_total_mean,         -nan
FUTGSHARE_CHANGED_SCREWED_OFF_PATH_3_total_stddev,         -nan

FUTGSHARE_CHANGED_CORRECTED_ON_PATH_4_count,             0
FUTGSHARE_CHANGED_CORRECTED_ON_PATH_4_pct,         -nan
FUTGSHARE_CHANGED_CORRECTED_ON_PATH_4_total_count,             0
FUTGSHARE_CHANGED_CORRECTED_ON_PATH_4_total_pct,         -nan

FUTGSHARE_CHANGED_SCREWED_ON_PATH_4_count,             0
FUTGSHARE_CHANGED_SCREWED_ON_PATH_4_pct,         -nan
FUTGSHARE_CHANGED_SCREWED_ON_PATH_4_total_count,             0
FUTGSHARE_CHANGED_SCREWED_ON_PATH_4_total_pct,         -nan
FUTGSHARE_CHANGED_SCREWED_ON_PATH_4_sum_count,             0
FUTGSHARE_CHANGED_SCREWED_ON_PATH_4_sum_pct,         -nan
FUTGSHARE_CHANGED_SCREWED_ON_PATH_4_sum_total_count,             0
FUTGSHARE_CHANGED_SCREWED_ON_PATH_4_sum_total_pct,         -nan
FUTGSHARE_CHANGED_SCREWED_ON_PATH_4_mean,         -nan
FUTGSHARE_CHANGED_SCREWED_ON_PATH_4_stddev,         -nan
FUTGSHARE_CHANGED_SCREWED_ON_PATH_4_total_mean,         -nan
FUTGSHARE_CHANGED_SCREWED_ON_PATH_4_total_stddev,         -nan

FUTGSHARE_CHANGED_CORRECTED_OFF_PATH_4_count,             0
FUTGSHARE_CHANGED_CORRECTED_OFF_PATH_4_pct,         -nan
FUTGSHARE_CHANGED_CORRECTED_OFF_PATH_4_total_count,             0
FUTGSHARE_CHANGED_CORRECTED_OFF_PATH_4_total_pct,         -nan

FUTGSHARE_CHANGED_SCREWED_OFF_PATH_4_count,             0
FUTGSHARE_CHANGED_SCREWED_OFF_PATH_4_pct,         -nan
FUTGSHARE_CHANGED_SCREWED_OFF_PATH_4_total_count,             0
FUTGSHARE_CHANGED_SCREWED_OFF_PATH_4_total_pct,         -nan
FUTGSHARE_CHANGED_SCREWED_OFF_PATH_4_sum_count,             0
FUTGSHARE_CHANGED_SCREWED_OFF_PATH_4_sum_pct,         -nan
FUTGSHARE_CHANGED_SCREWED_OFF_PATH_4_sum_total_count,             0
FUTGSHARE_CHANGED_SCREWED_OFF_PATH_4_sum_total_pct,         -nan
FUTGSHARE_CHANGED_SCREWED_OFF_PATH_4_mean,         -nan
FUTGSHARE_CHANGED_SCREWED_OFF_PATH_4_stddev,         -nan
FUTGSHARE_CHANGED_SCREWED_OFF_PATH_4_total_mean,         -nan
FUTGSHARE_CHANGED_SCREWED_OFF_PATH_4_total_stddev,         -nan

FUTGSHARE_CHANGED_CORRECTED_ON_PATH_5_count,             0
FUTGSHARE_CHANGED_CORRECTED_ON_PATH_5_pct,         -nan
FUTGSHARE_CHANGED_CORRECTED_ON_PATH_5_total_count,             0
FUTGSHARE_CHANGED_CORRECTED_ON_PATH_5_total_pct,         -nan

FUTGSHARE_CHANGED_SCREWED_ON_PATH_5_count,             0
FUTGSHARE_CHANGED_SCREWED_ON_PATH_5_pct,         -nan
FUTGSHARE_CHANGED_SCREWED_ON_PATH_5_total_count,             0
FUTGSHARE_CHANGED_SCREWED_ON_PATH_5_total_pct,         -nan
FUTGSHARE_CHANGED_SCREWED_ON_PATH_5_sum_count,             0
FUTGSHARE_CHANGED_SCREWED_ON_PATH_5_sum_pct,         -nan
FUTGSHARE_CHANGED_SCREWED_ON_PATH_5_sum_total_count,             0
FUTGSHARE_CHANGED_SCREWED_ON_PATH_5_sum_total_pct,         -nan
FUTGSHARE_CHANGED_SCREWED_ON_PATH_5_mean,         -nan
FUTGSHARE_CHANGED_SCREWED_ON_PATH_5_stddev,         -nan
FUTGSHARE_CHANGED_SCREWED_ON_PATH_5_total_mean,         -nan
FUTGSHARE_CHANGED_SCREWED_ON_PATH_5_total_stddev,         -nan

FUTGSHARE_CHANGED_CORRECTED_OFF_PATH_5_count,             0
FUTGSHARE_CHANGED_CORRECTED_OFF_PATH_5_pct,         -nan
FUTGSHARE_CHANGED_CORRECTED_OFF_PATH_5_total_count,             0
FUTGSHARE_CHANGED_CORRECTED_OFF_PATH_5_total_pct,         -nan

FUTGSHARE_CHANGED_SCREWED_OFF_PATH_5_count,             0
FUTGSHARE_CHANGED_SCREWED_OFF_PATH_5_pct,         -nan
FUTGSHARE_CHANGED_SCREWED_OFF_PATH_5_total_count,             0
FUTGSHARE_CHANGED_SCREWED_OFF_PATH_5_total_pct,         -nan
FUTGSHARE_CHANGED_SCREWED_OFF_PATH_5_sum_count,             0
FUTGSHARE_CHANGED_SCREWED_OFF_PATH_5_sum_pct,         -nan
FUTGSHARE_CHANGED_SCREWED_OFF_PATH_5_sum_total_count,             0
FUTGSHARE_CHANGED_SCREWED_OFF_PATH_5_sum_total_pct,         -nan
FUTGSHARE_CHANGED_SCREWED_OFF_PATH_5_mean,         -nan
FUTGSHARE_CHANGED_SCREWED_OFF_PATH_5_stddev,         -nan
FUTGSHARE_CHANGED_SCREWED_OFF_PATH_5_total_mean,         -nan
FUTGSHARE_CHANGED_SCREWED_OFF_PATH_5_total_stddev,         -nan

FUTGSHARE_CHANGED_CORRECTED_ON_PATH_6_count,             0
FUTGSHARE_CHANGED_CORRECTED_ON_PATH_6_pct,         -nan
FUTGSHARE_CHANGED_CORRECTED_ON_PATH_6_total_count,             0
FUTGSHARE_CHANGED_CORRECTED_ON_PATH_6_total_pct,         -nan

FUTGSHARE_CHANGED_SCREWED_ON_PATH_6_count,             0
FUTGSHARE_CHANGED_SCREWED_ON_PATH_6_pct,         -nan
FUTGSHARE_CHANGED_SCREWED_ON_PATH_6_total_count,             0
FUTGSHARE_CHANGED_SCREWED_ON_PATH_6_total_pct,         -nan
FUTGSHARE_CHANGED_SCREWED_ON_PATH_6_sum_count,             0
FUTGSHARE_CHANGED_SCREWED_ON_PATH_6_sum_pct,         -nan
FUTGSHARE_CHANGED_SCREWED_ON_PATH_6_sum_total_count,             0
FUTGSHARE_CHANGED_SCREWED_ON_PATH_6_sum_total_pct,         -nan
FUTGSHARE_CHANGED_SCREWED_ON_PATH_6_mean,         -nan
FUTGSHARE_CHANGED_SCREWED_ON_PATH_6_stddev,         -nan
FUTGSHARE_CHANGED_SCREWED_ON_PATH_6_total_mean,         -nan
FUTGSHARE_CHANGED_SCREWED_ON_PATH_6_total_stddev,         -nan

FUTGSHARE_CHANGED_CORRECTED_OFF_PATH_6_count,             0
FUTGSHARE_CHANGED_CORRECTED_OFF_PATH_6_pct,         -nan
FUTGSHARE_CHANGED_CORRECTED_OFF_PATH_6_total_count,             0
FUTGSHARE_CHANGED_CORRECTED_OFF_PATH_6_total_pct,         -nan

FUTGSHARE_CHANGED_SCREWED_OFF_PATH_6_count,             0
FUTGSHARE_CHANGED_SCREWED_OFF_PATH_6_pct,         -nan
FUTGSHARE_CHANGED_SCREWED_OFF_PATH_6_total_count,             0
FUTGSHARE_CHANGED_SCREWED_OFF_PATH_6_total_pct,         -nan
FUTGSHARE_CHANGED_SCREWED_OFF_PATH_6_sum_count,             0
FUTGSHARE_CHANGED_SCREWED_OFF_PATH_6_sum_pct,         -nan
FUTGSHARE_CHANGED_SCREWED_OFF_PATH_6_sum_total_count,             0
FUTGSHARE_CHANGED_SCREWED_OFF_PATH_6_sum_total_pct,         -nan
FUTGSHARE_CHANGED_SCREWED_OFF_PATH_6_mean,         -nan
FUTGSHARE_CHANGED_SCREWED_OFF_PATH_6_stddev,         -nan
FUTGSHARE_CHANGED_SCREWED_OFF_PATH_6_total_mean,         -nan
FUTGSHARE_CHANGED_SCREWED_OFF_PATH_6_total_stddev,         -nan

FUTGSHARE_CHANGED_CORRECTED_ON_PATH_7_count,             0
FUTGSHARE_CHANGED_CORRECTED_ON_PATH_7_pct,         -nan
FUTGSHARE_CHANGED_CORRECTED_ON_PATH_7_total_count,             0
FUTGSHARE_CHANGED_CORRECTED_ON_PATH_7_total_pct,         -nan

FUTGSHARE_CHANGED_SCREWED_ON_PATH_7_count,             0
FUTGSHARE_CHANGED_SCREWED_ON_PATH_7_pct,         -nan
FUTGSHARE_CHANGED_SCREWED_ON_PATH_7_total_count,             0
FUTGSHARE_CHANGED_SCREWED_ON_PATH_7_total_pct,         -nan
FUTGSHARE_CHANGED_SCREWED_ON_PATH_7_sum_count,             0
FUTGSHARE_CHANGED_SCREWED_ON_PATH_7_sum_pct,         -nan
FUTGSHARE_CHANGED_SCREWED_ON_PATH_7_sum_total_count,             0
FUTGSHARE_CHANGED_SCREWED_ON_PATH_7_sum_total_pct,         -nan
FUTGSHARE_CHANGED_SCREWED_ON_PATH_7_mean,         -nan
FUTGSHARE_CHANGED_SCREWED_ON_PATH_7_stddev,         -nan
FUTGSHARE_CHANGED_SCREWED_ON_PATH_7_total_mean,         -nan
FUTGSHARE_CHANGED_SCREWED_ON_PATH_7_total_stddev,         -nan

FUTGSHARE_CHANGED_CORRECTED_OFF_PATH_7_count,             0
FUTGSHARE_CHANGED_CORRECTED_OFF_PATH_7_pct,         -nan
FUTGSHARE_CHANGED_CORRECTED_OFF_PATH_7_total_count,             0
FUTGSHARE_CHANGED_CORRECTED_OFF_PATH_7_total_pct,         -nan

FUTGSHARE_CHANGED_SCREWED_OFF_PATH_7_count,             0
FUTGSHARE_CHANGED_SCREWED_OFF_PATH_7_pct,         -nan
FUTGSHARE_CHANGED_SCREWED_OFF_PATH_7_total_count,             0
FUTGSHARE_CHANGED_SCREWED_OFF_PATH_7_total_pct,         -nan
FUTGSHARE_CHANGED_SCREWED_OFF_PATH_7_sum_count,             0
FUTGSHARE_CHANGED_SCREWED_OFF_PATH_7_sum_pct,         -nan
FUTGSHARE_CHANGED_SCREWED_OFF_PATH_7_sum_total_count,             0
FUTGSHARE_CHANGED_SCREWED_OFF_PATH_7_sum_total_pct,         -nan
FUTGSHARE_CHANGED_SCREWED_OFF_PATH_7_mean,         -nan
FUTGSHARE_CHANGED_SCREWED_OFF_PATH_7_stddev,         -nan
FUTGSHARE_CHANGED_SCREWED_OFF_PATH_7_total_mean,         -nan
FUTGSHARE_CHANGED_SCREWED_OFF_PATH_7_total_stddev,         -nan

FUTGSHARE_CHANGED_CORRECTED_ON_PATH_8_count,             0
FUTGSHARE_CHANGED_CORRECTED_ON_PATH_8_pct,         -nan
FUTGSHARE_CHANGED_CORRECTED_ON_PATH_8_total_count,             0
FUTGSHARE_CHANGED_CORRECTED_ON_PATH_8_total_pct,         -nan

FUTGSHARE_CHANGED_SCREWED_ON_PATH_8_count,             0
FUTGSHARE_CHANGED_SCREWED_ON_PATH_8_pct,         -nan
FUTGSHARE_CHANGED_SCREWED_ON_PATH_8_total_count,             0
FUTGSHARE_CHANGED_SCREWED_ON_PATH_8_total_pct,         -nan
FUTGSHARE_CHANGED_SCREWED_ON_PATH_8_sum_count,             0
FUTGSHARE_CHANGED_SCREWED_ON_PATH_8_sum_pct,         -nan
FUTGSHARE_CHANGED_SCREWED_ON_PATH_8_sum_total_count,             0
FUTGSHARE_CHANGED_SCREWED_ON_PATH_8_sum_total_pct,         -nan
FUTGSHARE_CHANGED_SCREWED_ON_PATH_8_mean,         -nan
FUTGSHARE_CHANGED_SCREWED_ON_PATH_8_stddev,         -nan
FUTGSHARE_CHANGED_SCREWED_ON_PATH_8_total_mean,         -nan
FUTGSHARE_CHANGED_SCREWED_ON_PATH_8_total_stddev,         -nan

FUTGSHARE_CHANGED_CORRECTED_OFF_PATH_8_count,             0
FUTGSHARE_CHANGED_CORRECTED_OFF_PATH_8_pct,         -nan
FUTGSHARE_CHANGED_CORRECTED_OFF_PATH_8_total_count,             0
FUTGSHARE_CHANGED_CORRECTED_OFF_PATH_8_total_pct,         -nan

FUTGSHARE_CHANGED_SCREWED_OFF_PATH_8_count,             0
FUTGSHARE_CHANGED_SCREWED_OFF_PATH_8_pct,         -nan
FUTGSHARE_CHANGED_SCREWED_OFF_PATH_8_total_count,             0
FUTGSHARE_CHANGED_SCREWED_OFF_PATH_8_total_pct,         -nan
FUTGSHARE_CHANGED_SCREWED_OFF_PATH_8_sum_count,             0
FUTGSHARE_CHANGED_SCREWED_OFF_PATH_8_sum_pct,         -nan
FUTGSHARE_CHANGED_SCREWED_OFF_PATH_8_sum_total_count,             0
FUTGSHARE_CHANGED_SCREWED_OFF_PATH_8_sum_total_pct,         -nan
FUTGSHARE_CHANGED_SCREWED_OFF_PATH_8_mean,         -nan
FUTGSHARE_CHANGED_SCREWED_OFF_PATH_8_stddev,         -nan
FUTGSHARE_CHANGED_SCREWED_OFF_PATH_8_total_mean,         -nan
FUTGSHARE_CHANGED_SCREWED_OFF_PATH_8_total_stddev,         -nan

FUTGSHARE_CHANGED_CORRECTED_ON_PATH_9_count,             0
FUTGSHARE_CHANGED_CORRECTED_ON_PATH_9_pct,         -nan
FUTGSHARE_CHANGED_CORRECTED_ON_PATH_9_total_count,             0
FUTGSHARE_CHANGED_CORRECTED_ON_PATH_9_total_pct,         -nan

FUTGSHARE_CHANGED_SCREWED_ON_PATH_9_count,             0
FUTGSHARE_CHANGED_SCREWED_ON_PATH_9_pct,         -nan
FUTGSHARE_CHANGED_SCREWED_ON_PATH_9_total_count,             0
FUTGSHARE_CHANGED_SCREWED_ON_PATH_9_total_pct,         -nan
FUTGSHARE_CHANGED_SCREWED_ON_PATH_9_sum_count,             0
FUTGSHARE_CHANGED_SCREWED_ON_PATH_9_sum_pct,         -nan
FUTGSHARE_CHANGED_SCREWED_ON_PATH_9_sum_total_count,             0
FUTGSHARE_CHANGED_SCREWED_ON_PATH_9_sum_total_pct,         -nan
FUTGSHARE_CHANGED_SCREWED_ON_PATH_9_mean,         -nan
FUTGSHARE_CHANGED_SCREWED_ON_PATH_9_stddev,         -nan
FUTGSHARE_CHANGED_SCREWED_ON_PATH_9_total_mean,         -nan
FUTGSHARE_CHANGED_SCREWED_ON_PATH_9_total_stddev,         -nan

FUTGSHARE_CHANGED_CORRECTED_OFF_PATH_9_count,             0
FUTGSHARE_CHANGED_CORRECTED_OFF_PATH_9_pct,         -nan
FUTGSHARE_CHANGED_CORRECTED_OFF_PATH_9_total_count,             0
FUTGSHARE_CHANGED_CORRECTED_OFF_PATH_9_total_pct,         -nan

FUTGSHARE_CHANGED_SCREWED_OFF_PATH_9_count,             0
FUTGSHARE_CHANGED_SCREWED_OFF_PATH_9_pct,         -nan
FUTGSHARE_CHANGED_SCREWED_OFF_PATH_9_total_count,             0
FUTGSHARE_CHANGED_SCREWED_OFF_PATH_9_total_pct,         -nan
FUTGSHARE_CHANGED_SCREWED_OFF_PATH_9_sum_count,             0
FUTGSHARE_CHANGED_SCREWED_OFF_PATH_9_sum_pct,         -nan
FUTGSHARE_CHANGED_SCREWED_OFF_PATH_9_sum_total_count,             0
FUTGSHARE_CHANGED_SCREWED_OFF_PATH_9_sum_total_pct,         -nan
FUTGSHARE_CHANGED_SCREWED_OFF_PATH_9_mean,         -nan
FUTGSHARE_CHANGED_SCREWED_OFF_PATH_9_stddev,         -nan
FUTGSHARE_CHANGED_SCREWED_OFF_PATH_9_total_mean,         -nan
FUTGSHARE_CHANGED_SCREWED_OFF_PATH_9_total_stddev,         -nan

FUTGSHARE_CHANGED_CORRECTED_ON_PATH_10_count,             0
FUTGSHARE_CHANGED_CORRECTED_ON_PATH_10_pct,         -nan
FUTGSHARE_CHANGED_CORRECTED_ON_PATH_10_total_count,             0
FUTGSHARE_CHANGED_CORRECTED_ON_PATH_10_total_pct,         -nan

FUTGSHARE_CHANGED_SCREWED_ON_PATH_10_count,             0
FUTGSHARE_CHANGED_SCREWED_ON_PATH_10_pct,         -nan
FUTGSHARE_CHANGED_SCREWED_ON_PATH_10_total_count,             0
FUTGSHARE_CHANGED_SCREWED_ON_PATH_10_total_pct,         -nan
FUTGSHARE_CHANGED_SCREWED_ON_PATH_10_sum_count,             0
FUTGSHARE_CHANGED_SCREWED_ON_PATH_10_sum_pct,         -nan
FUTGSHARE_CHANGED_SCREWED_ON_PATH_10_sum_total_count,             0
FUTGSHARE_CHANGED_SCREWED_ON_PATH_10_sum_total_pct,         -nan
FUTGSHARE_CHANGED_SCREWED_ON_PATH_10_mean,         -nan
FUTGSHARE_CHANGED_SCREWED_ON_PATH_10_stddev,         -nan
FUTGSHARE_CHANGED_SCREWED_ON_PATH_10_total_mean,         -nan
FUTGSHARE_CHANGED_SCREWED_ON_PATH_10_total_stddev,         -nan

FUTGSHARE_CHANGED_CORRECTED_OFF_PATH_10_count,             0
FUTGSHARE_CHANGED_CORRECTED_OFF_PATH_10_pct,         -nan
FUTGSHARE_CHANGED_CORRECTED_OFF_PATH_10_total_count,             0
FUTGSHARE_CHANGED_CORRECTED_OFF_PATH_10_total_pct,         -nan

FUTGSHARE_CHANGED_SCREWED_OFF_PATH_10_count,             0
FUTGSHARE_CHANGED_SCREWED_OFF_PATH_10_pct,         -nan
FUTGSHARE_CHANGED_SCREWED_OFF_PATH_10_total_count,             0
FUTGSHARE_CHANGED_SCREWED_OFF_PATH_10_total_pct,         -nan
FUTGSHARE_CHANGED_SCREWED_OFF_PATH_10_sum_count,             0
FUTGSHARE_CHANGED_SCREWED_OFF_PATH_10_sum_pct,         -nan
FUTGSHARE_CHANGED_SCREWED_OFF_PATH_10_sum_total_count,             0
FUTGSHARE_CHANGED_SCREWED_OFF_PATH_10_sum_total_pct,         -nan
FUTGSHARE_CHANGED_SCREWED_OFF_PATH_10_mean,         -nan
FUTGSHARE_CHANGED_SCREWED_OFF_PATH_10_stddev,         -nan
FUTGSHARE_CHANGED_SCREWED_OFF_PATH_10_total_mean,         -nan
FUTGSHARE_CHANGED_SCREWED_OFF_PATH_10_total_stddev,         -nan

FUTGSHARE_CHANGED_CORRECTED_ON_PATH_11_count,             0
FUTGSHARE_CHANGED_CORRECTED_ON_PATH_11_pct,         -nan
FUTGSHARE_CHANGED_CORRECTED_ON_PATH_11_total_count,             0
FUTGSHARE_CHANGED_CORRECTED_ON_PATH_11_total_pct,         -nan

FUTGSHARE_CHANGED_SCREWED_ON_PATH_11_count,             0
FUTGSHARE_CHANGED_SCREWED_ON_PATH_11_pct,         -nan
FUTGSHARE_CHANGED_SCREWED_ON_PATH_11_total_count,             0
FUTGSHARE_CHANGED_SCREWED_ON_PATH_11_total_pct,         -nan
FUTGSHARE_CHANGED_SCREWED_ON_PATH_11_sum_count,             0
FUTGSHARE_CHANGED_SCREWED_ON_PATH_11_sum_pct,         -nan
FUTGSHARE_CHANGED_SCREWED_ON_PATH_11_sum_total_count,             0
FUTGSHARE_CHANGED_SCREWED_ON_PATH_11_sum_total_pct,         -nan
FUTGSHARE_CHANGED_SCREWED_ON_PATH_11_mean,         -nan
FUTGSHARE_CHANGED_SCREWED_ON_PATH_11_stddev,         -nan
FUTGSHARE_CHANGED_SCREWED_ON_PATH_11_total_mean,         -nan
FUTGSHARE_CHANGED_SCREWED_ON_PATH_11_total_stddev,         -nan

FUTGSHARE_CHANGED_CORRECTED_OFF_PATH_11_count,             0
FUTGSHARE_CHANGED_CORRECTED_OFF_PATH_11_pct,         -nan
FUTGSHARE_CHANGED_CORRECTED_OFF_PATH_11_total_count,             0
FUTGSHARE_CHANGED_CORRECTED_OFF_PATH_11_total_pct,         -nan

FUTGSHARE_CHANGED_SCREWED_OFF_PATH_11_count,             0
FUTGSHARE_CHANGED_SCREWED_OFF_PATH_11_pct,         -nan
FUTGSHARE_CHANGED_SCREWED_OFF_PATH_11_total_count,             0
FUTGSHARE_CHANGED_SCREWED_OFF_PATH_11_total_pct,         -nan
FUTGSHARE_CHANGED_SCREWED_OFF_PATH_11_sum_count,             0
FUTGSHARE_CHANGED_SCREWED_OFF_PATH_11_sum_pct,         -nan
FUTGSHARE_CHANGED_SCREWED_OFF_PATH_11_sum_total_count,             0
FUTGSHARE_CHANGED_SCREWED_OFF_PATH_11_sum_total_pct,         -nan
FUTGSHARE_CHANGED_SCREWED_OFF_PATH_11_mean,         -nan
FUTGSHARE_CHANGED_SCREWED_OFF_PATH_11_stddev,         -nan
FUTGSHARE_CHANGED_SCREWED_OFF_PATH_11_total_mean,         -nan
FUTGSHARE_CHANGED_SCREWED_OFF_PATH_11_total_stddev,         -nan

FUTGSHARE_CHANGED_CORRECTED_ON_PATH_12_count,             0
FUTGSHARE_CHANGED_CORRECTED_ON_PATH_12_pct,         -nan
FUTGSHARE_CHANGED_CORRECTED_ON_PATH_12_total_count,             0
FUTGSHARE_CHANGED_CORRECTED_ON_PATH_12_total_pct,         -nan

FUTGSHARE_CHANGED_SCREWED_ON_PATH_12_count,             0
FUTGSHARE_CHANGED_SCREWED_ON_PATH_12_pct,         -nan
FUTGSHARE_CHANGED_SCREWED_ON_PATH_12_total_count,             0
FUTGSHARE_CHANGED_SCREWED_ON_PATH_12_total_pct,         -nan
FUTGSHARE_CHANGED_SCREWED_ON_PATH_12_sum_count,             0
FUTGSHARE_CHANGED_SCREWED_ON_PATH_12_sum_pct,         -nan
FUTGSHARE_CHANGED_SCREWED_ON_PATH_12_sum_total_count,             0
FUTGSHARE_CHANGED_SCREWED_ON_PATH_12_sum_total_pct,         -nan
FUTGSHARE_CHANGED_SCREWED_ON_PATH_12_mean,         -nan
FUTGSHARE_CHANGED_SCREWED_ON_PATH_12_stddev,         -nan
FUTGSHARE_CHANGED_SCREWED_ON_PATH_12_total_mean,         -nan
FUTGSHARE_CHANGED_SCREWED_ON_PATH_12_total_stddev,         -nan

FUTGSHARE_CHANGED_CORRECTED_OFF_PATH_12_count,             0
FUTGSHARE_CHANGED_CORRECTED_OFF_PATH_12_pct,         -nan
FUTGSHARE_CHANGED_CORRECTED_OFF_PATH_12_total_count,             0
FUTGSHARE_CHANGED_CORRECTED_OFF_PATH_12_total_pct,         -nan

FUTGSHARE_CHANGED_SCREWED_OFF_PATH_12_count,             0
FUTGSHARE_CHANGED_SCREWED_OFF_PATH_12_pct,         -nan
FUTGSHARE_CHANGED_SCREWED_OFF_PATH_12_total_count,             0
FUTGSHARE_CHANGED_SCREWED_OFF_PATH_12_total_pct,         -nan
FUTGSHARE_CHANGED_SCREWED_OFF_PATH_12_sum_count,             0
FUTGSHARE_CHANGED_SCREWED_OFF_PATH_12_sum_pct,         -nan
FUTGSHARE_CHANGED_SCREWED_OFF_PATH_12_sum_total_count,             0
FUTGSHARE_CHANGED_SCREWED_OFF_PATH_12_sum_total_pct,         -nan
FUTGSHARE_CHANGED_SCREWED_OFF_PATH_12_mean,         -nan
FUTGSHARE_CHANGED_SCREWED_OFF_PATH_12_stddev,         -nan
FUTGSHARE_CHANGED_SCREWED_OFF_PATH_12_total_mean,         -nan
FUTGSHARE_CHANGED_SCREWED_OFF_PATH_12_total_stddev,         -nan

FUTGSHARE_CHANGED_CORRECTED_ON_PATH_13_count,             0
FUTGSHARE_CHANGED_CORRECTED_ON_PATH_13_pct,         -nan
FUTGSHARE_CHANGED_CORRECTED_ON_PATH_13_total_count,             0
FUTGSHARE_CHANGED_CORRECTED_ON_PATH_13_total_pct,         -nan

FUTGSHARE_CHANGED_SCREWED_ON_PATH_13_count,             0
FUTGSHARE_CHANGED_SCREWED_ON_PATH_13_pct,         -nan
FUTGSHARE_CHANGED_SCREWED_ON_PATH_13_total_count,             0
FUTGSHARE_CHANGED_SCREWED_ON_PATH_13_total_pct,         -nan
FUTGSHARE_CHANGED_SCREWED_ON_PATH_13_sum_count,             0
FUTGSHARE_CHANGED_SCREWED_ON_PATH_13_sum_pct,         -nan
FUTGSHARE_CHANGED_SCREWED_ON_PATH_13_sum_total_count,             0
FUTGSHARE_CHANGED_SCREWED_ON_PATH_13_sum_total_pct,         -nan
FUTGSHARE_CHANGED_SCREWED_ON_PATH_13_mean,         -nan
FUTGSHARE_CHANGED_SCREWED_ON_PATH_13_stddev,         -nan
FUTGSHARE_CHANGED_SCREWED_ON_PATH_13_total_mean,         -nan
FUTGSHARE_CHANGED_SCREWED_ON_PATH_13_total_stddev,         -nan

FUTGSHARE_CHANGED_CORRECTED_OFF_PATH_13_count,             0
FUTGSHARE_CHANGED_CORRECTED_OFF_PATH_13_pct,         -nan
FUTGSHARE_CHANGED_CORRECTED_OFF_PATH_13_total_count,             0
FUTGSHARE_CHANGED_CORRECTED_OFF_PATH_13_total_pct,         -nan

FUTGSHARE_CHANGED_SCREWED_OFF_PATH_13_count,             0
FUTGSHARE_CHANGED_SCREWED_OFF_PATH_13_pct,         -nan
FUTGSHARE_CHANGED_SCREWED_OFF_PATH_13_total_count,             0
FUTGSHARE_CHANGED_SCREWED_OFF_PATH_13_total_pct,         -nan
FUTGSHARE_CHANGED_SCREWED_OFF_PATH_13_sum_count,             0
FUTGSHARE_CHANGED_SCREWED_OFF_PATH_13_sum_pct,         -nan
FUTGSHARE_CHANGED_SCREWED_OFF_PATH_13_sum_total_count,             0
FUTGSHARE_CHANGED_SCREWED_OFF_PATH_13_sum_total_pct,         -nan
FUTGSHARE_CHANGED_SCREWED_OFF_PATH_13_mean,         -nan
FUTGSHARE_CHANGED_SCREWED_OFF_PATH_13_stddev,         -nan
FUTGSHARE_CHANGED_SCREWED_OFF_PATH_13_total_mean,         -nan
FUTGSHARE_CHANGED_SCREWED_OFF_PATH_13_total_stddev,         -nan

FUTGSHARE_CHANGED_CORRECTED_ON_PATH_14_count,             0
FUTGSHARE_CHANGED_CORRECTED_ON_PATH_14_pct,         -nan
FUTGSHARE_CHANGED_CORRECTED_ON_PATH_14_total_count,             0
FUTGSHARE_CHANGED_CORRECTED_ON_PATH_14_total_pct,         -nan

FUTGSHARE_CHANGED_SCREWED_ON_PATH_14_count,             0
FUTGSHARE_CHANGED_SCREWED_ON_PATH_14_pct,         -nan
FUTGSHARE_CHANGED_SCREWED_ON_PATH_14_total_count,             0
FUTGSHARE_CHANGED_SCREWED_ON_PATH_14_total_pct,         -nan
FUTGSHARE_CHANGED_SCREWED_ON_PATH_14_sum_count,             0
FUTGSHARE_CHANGED_SCREWED_ON_PATH_14_sum_pct,         -nan
FUTGSHARE_CHANGED_SCREWED_ON_PATH_14_sum_total_count,             0
FUTGSHARE_CHANGED_SCREWED_ON_PATH_14_sum_total_pct,         -nan
FUTGSHARE_CHANGED_SCREWED_ON_PATH_14_mean,         -nan
FUTGSHARE_CHANGED_SCREWED_ON_PATH_14_stddev,         -nan
FUTGSHARE_CHANGED_SCREWED_ON_PATH_14_total_mean,         -nan
FUTGSHARE_CHANGED_SCREWED_ON_PATH_14_total_stddev,         -nan

FUTGSHARE_CHANGED_CORRECTED_OFF_PATH_14_count,             0
FUTGSHARE_CHANGED_CORRECTED_OFF_PATH_14_pct,         -nan
FUTGSHARE_CHANGED_CORRECTED_OFF_PATH_14_total_count,             0
FUTGSHARE_CHANGED_CORRECTED_OFF_PATH_14_total_pct,         -nan

FUTGSHARE_CHANGED_SCREWED_OFF_PATH_14_count,             0
FUTGSHARE_CHANGED_SCREWED_OFF_PATH_14_pct,         -nan
FUTGSHARE_CHANGED_SCREWED_OFF_PATH_14_total_count,             0
FUTGSHARE_CHANGED_SCREWED_OFF_PATH_14_total_pct,         -nan
FUTGSHARE_CHANGED_SCREWED_OFF_PATH_14_sum_count,             0
FUTGSHARE_CHANGED_SCREWED_OFF_PATH_14_sum_pct,         -nan
FUTGSHARE_CHANGED_SCREWED_OFF_PATH_14_sum_total_count,             0
FUTGSHARE_CHANGED_SCREWED_OFF_PATH_14_sum_total_pct,         -nan
FUTGSHARE_CHANGED_SCREWED_OFF_PATH_14_mean,         -nan
FUTGSHARE_CHANGED_SCREWED_OFF_PATH_14_stddev,         -nan
FUTGSHARE_CHANGED_SCREWED_OFF_PATH_14_total_mean,         -nan
FUTGSHARE_CHANGED_SCREWED_OFF_PATH_14_total_stddev,         -nan

FUTGSHARE_CHANGED_CORRECTED_ON_PATH_15_count,             0
FUTGSHARE_CHANGED_CORRECTED_ON_PATH_15_pct,         -nan
FUTGSHARE_CHANGED_CORRECTED_ON_PATH_15_total_count,             0
FUTGSHARE_CHANGED_CORRECTED_ON_PATH_15_total_pct,         -nan

FUTGSHARE_CHANGED_SCREWED_ON_PATH_15_count,             0
FUTGSHARE_CHANGED_SCREWED_ON_PATH_15_pct,         -nan
FUTGSHARE_CHANGED_SCREWED_ON_PATH_15_total_count,             0
FUTGSHARE_CHANGED_SCREWED_ON_PATH_15_total_pct,         -nan
FUTGSHARE_CHANGED_SCREWED_ON_PATH_15_sum_count,             0
FUTGSHARE_CHANGED_SCREWED_ON_PATH_15_sum_pct,         -nan
FUTGSHARE_CHANGED_SCREWED_ON_PATH_15_sum_total_count,             0
FUTGSHARE_CHANGED_SCREWED_ON_PATH_15_sum_total_pct,         -nan
FUTGSHARE_CHANGED_SCREWED_ON_PATH_15_mean,         -nan
FUTGSHARE_CHANGED_SCREWED_ON_PATH_15_stddev,         -nan
FUTGSHARE_CHANGED_SCREWED_ON_PATH_15_total_mean,         -nan
FUTGSHARE_CHANGED_SCREWED_ON_PATH_15_total_stddev,         -nan

FUTGSHARE_CHANGED_CORRECTED_OFF_PATH_15_count,             0
FUTGSHARE_CHANGED_CORRECTED_OFF_PATH_15_pct,         -nan
FUTGSHARE_CHANGED_CORRECTED_OFF_PATH_15_total_count,             0
FUTGSHARE_CHANGED_CORRECTED_OFF_PATH_15_total_pct,         -nan

FUTGSHARE_CHANGED_SCREWED_OFF_PATH_15_count,             0
FUTGSHARE_CHANGED_SCREWED_OFF_PATH_15_pct,         -nan
FUTGSHARE_CHANGED_SCREWED_OFF_PATH_15_total_count,             0
FUTGSHARE_CHANGED_SCREWED_OFF_PATH_15_total_pct,         -nan
FUTGSHARE_CHANGED_SCREWED_OFF_PATH_15_sum_count,             0
FUTGSHARE_CHANGED_SCREWED_OFF_PATH_15_sum_pct,         -nan
FUTGSHARE_CHANGED_SCREWED_OFF_PATH_15_sum_total_count,             0
FUTGSHARE_CHANGED_SCREWED_OFF_PATH_15_sum_total_pct,         -nan
FUTGSHARE_CHANGED_SCREWED_OFF_PATH_15_mean,         -nan
FUTGSHARE_CHANGED_SCREWED_OFF_PATH_15_stddev,         -nan
FUTGSHARE_CHANGED_SCREWED_OFF_PATH_15_total_mean,         -nan
FUTGSHARE_CHANGED_SCREWED_OFF_PATH_15_total_stddev,         -nan

FRAGHIST_BIN_0_count,             0
FRAGHIST_BIN_0_pct,         -nan
FRAGHIST_BIN_0_total_count,             0
FRAGHIST_BIN_0_total_pct,         -nan

FRAGHIST_BIN_1_count,             0
FRAGHIST_BIN_1_pct,         -nan
FRAGHIST_BIN_1_total_count,             0
FRAGHIST_BIN_1_total_pct,         -nan

FRAGHIST_BIN_2_count,             0
FRAGHIST_BIN_2_pct,         -nan
FRAGHIST_BIN_2_total_count,             0
FRAGHIST_BIN_2_total_pct,         -nan

FRAGHIST_BIN_3_count,             0
FRAGHIST_BIN_3_pct,         -nan
FRAGHIST_BIN_3_total_count,             0
FRAGHIST_BIN_3_total_pct,         -nan

FRAGHIST_BIN_4_count,             0
FRAGHIST_BIN_4_pct,         -nan
FRAGHIST_BIN_4_total_count,             0
FRAGHIST_BIN_4_total_pct,         -nan

FRAGHIST_BIN_5_count,             0
FRAGHIST_BIN_5_pct,         -nan
FRAGHIST_BIN_5_total_count,             0
FRAGHIST_BIN_5_total_pct,         -nan

FRAGHIST_BIN_6_count,             0
FRAGHIST_BIN_6_pct,         -nan
FRAGHIST_BIN_6_total_count,             0
FRAGHIST_BIN_6_total_pct,         -nan

FRAGHIST_BIN_7_count,             0
FRAGHIST_BIN_7_pct,         -nan
FRAGHIST_BIN_7_total_count,             0
FRAGHIST_BIN_7_total_pct,         -nan

FRAGHIST_BIN_8_count,             0
FRAGHIST_BIN_8_pct,         -nan
FRAGHIST_BIN_8_total_count,             0
FRAGHIST_BIN_8_total_pct,         -nan

FRAGHIST_BIN_9_count,             0
FRAGHIST_BIN_9_pct,         -nan
FRAGHIST_BIN_9_total_count,             0
FRAGHIST_BIN_9_total_pct,         -nan

FRAGHIST_BIN_10_count,             0
FRAGHIST_BIN_10_pct,         -nan
FRAGHIST_BIN_10_total_count,             0
FRAGHIST_BIN_10_total_pct,         -nan

FRAGHIST_BIN_11_count,             0
FRAGHIST_BIN_11_pct,         -nan
FRAGHIST_BIN_11_total_count,             0
FRAGHIST_BIN_11_total_pct,         -nan

FRAGHIST_BIN_12_count,             0
FRAGHIST_BIN_12_pct,         -nan
FRAGHIST_BIN_12_total_count,             0
FRAGHIST_BIN_12_total_pct,         -nan

FRAGHIST_BIN_13_count,             0
FRAGHIST_BIN_13_pct,         -nan
FRAGHIST_BIN_13_total_count,             0
FRAGHIST_BIN_13_total_pct,         -nan

FRAGHIST_BIN_14_count,             0
FRAGHIST_BIN_14_pct,         -nan
FRAGHIST_BIN_14_total_count,             0
FRAGHIST_BIN_14_total_pct,         -nan

FRAGHIST_BIN_15_count,             0
FRAGHIST_BIN_15_pct,         -nan
FRAGHIST_BIN_15_total_count,             0
FRAGHIST_BIN_15_total_pct,         -nan

FRAGHIST_BIN_16_count,             0
FRAGHIST_BIN_16_pct,         -nan
FRAGHIST_BIN_16_total_count,             0
FRAGHIST_BIN_16_total_pct,         -nan

FRAGHIST_BIN_17_count,             0
FRAGHIST_BIN_17_pct,         -nan
FRAGHIST_BIN_17_total_count,             0
FRAGHIST_BIN_17_total_pct,         -nan

FRAGHIST_BIN_18_count,             0
FRAGHIST_BIN_18_pct,         -nan
FRAGHIST_BIN_18_total_count,             0
FRAGHIST_BIN_18_total_pct,         -nan

FRAGHIST_BIN_19_count,             0
FRAGHIST_BIN_19_pct,         -nan
FRAGHIST_BIN_19_total_count,             0
FRAGHIST_BIN_19_total_pct,         -nan

FRAGHIST_BIN_20_count,             0
FRAGHIST_BIN_20_pct,         -nan
FRAGHIST_BIN_20_total_count,             0
FRAGHIST_BIN_20_total_pct,         -nan

FRAGHIST_BIN_21_count,             0
FRAGHIST_BIN_21_pct,         -nan
FRAGHIST_BIN_21_total_count,             0
FRAGHIST_BIN_21_total_pct,         -nan

FRAGHIST_BIN_22_count,             0
FRAGHIST_BIN_22_pct,         -nan
FRAGHIST_BIN_22_total_count,             0
FRAGHIST_BIN_22_total_pct,         -nan

FRAGHIST_BIN_23_count,             0
FRAGHIST_BIN_23_pct,         -nan
FRAGHIST_BIN_23_total_count,             0
FRAGHIST_BIN_23_total_pct,         -nan

FRAGHIST_BIN_24_count,             0
FRAGHIST_BIN_24_pct,         -nan
FRAGHIST_BIN_24_total_count,             0
FRAGHIST_BIN_24_total_pct,         -nan

FRAGHIST_BIN_25_count,             0
FRAGHIST_BIN_25_pct,         -nan
FRAGHIST_BIN_25_total_count,             0
FRAGHIST_BIN_25_total_pct,         -nan

FRAGHIST_BIN_26_count,             0
FRAGHIST_BIN_26_pct,         -nan
FRAGHIST_BIN_26_total_count,             0
FRAGHIST_BIN_26_total_pct,         -nan

FRAGHIST_BIN_27_count,             0
FRAGHIST_BIN_27_pct,         -nan
FRAGHIST_BIN_27_total_count,             0
FRAGHIST_BIN_27_total_pct,         -nan

FRAGHIST_BIN_28_count,             0
FRAGHIST_BIN_28_pct,         -nan
FRAGHIST_BIN_28_total_count,             0
FRAGHIST_BIN_28_total_pct,         -nan

FRAGHIST_BIN_29_count,             0
FRAGHIST_BIN_29_pct,         -nan
FRAGHIST_BIN_29_total_count,             0
FRAGHIST_BIN_29_total_pct,         -nan

FRAGHIST_BIN_30_count,             0
FRAGHIST_BIN_30_pct,         -nan
FRAGHIST_BIN_30_total_count,             0
FRAGHIST_BIN_30_total_pct,         -nan

FRAGHIST_BIN_31_count,             0
FRAGHIST_BIN_31_pct,         -nan
FRAGHIST_BIN_31_total_count,             0
FRAGHIST_BIN_31_total_pct,         -nan

FRAGHIST_BIN_32_count,             0
FRAGHIST_BIN_32_pct,         -nan
FRAGHIST_BIN_32_total_count,             0
FRAGHIST_BIN_32_total_pct,         -nan
FRAGHIST_BIN_32_sum_count,             0
FRAGHIST_BIN_32_sum_pct,         -nan
FRAGHIST_BIN_32_sum_total_count,             0
FRAGHIST_BIN_32_sum_total_pct,         -nan
FRAGHIST_BIN_32_mean,         -nan
FRAGHIST_BIN_32_stddev,         -nan
FRAGHIST_BIN_32_total_mean,         -nan
FRAGHIST_BIN_32_total_stddev,         -nan

CF_BR_USED_TARGET_CORRECT_count,         49471
CF_BR_USED_TARGET_CORRECT_pct,       15.399
CF_BR_USED_TARGET_CORRECT_total_count,        114093
CF_BR_USED_TARGET_CORRECT_total_pct,       17.652

CF_BR_USED_TARGET_INCORRECT_count,             0
CF_BR_USED_TARGET_INCORRECT_pct,        0.000
CF_BR_USED_TARGET_INCORRECT_total_count,            32
CF_BR_USED_TARGET_INCORRECT_total_pct,        0.005

CF_CBR_USED_TARGET_CORRECT_count,        261174
CF_CBR_USED_TARGET_CORRECT_pct,       81.297
CF_CBR_USED_TARGET_CORRECT_total_count,        510526
CF_CBR_USED_TARGET_CORRECT_total_pct,       78.988

CF_CBR_USED_TARGET_INCORRECT_count,         10584
CF_CBR_USED_TARGET_INCORRECT_pct,        3.295
CF_CBR_USED_TARGET_INCORRECT_total_count,         21613
CF_CBR_USED_TARGET_INCORRECT_total_pct,        3.344

CF_CALL_USED_TARGET_CORRECT_count,            12
CF_CALL_USED_TARGET_CORRECT_pct,        0.004
CF_CALL_USED_TARGET_CORRECT_total_count,            21
CF_CALL_USED_TARGET_CORRECT_total_pct,        0.003

CF_CALL_USED_TARGET_INCORRECT_count,             0
CF_CALL_USED_TARGET_INCORRECT_pct,        0.000
CF_CALL_USED_TARGET_INCORRECT_total_count,             9
CF_CALL_USED_TARGET_INCORRECT_total_pct,        0.001

CF_IBR_USED_TARGET_CORRECT_count,             0
CF_IBR_USED_TARGET_CORRECT_pct,        0.000
CF_IBR_USED_TARGET_CORRECT_total_count,             0
CF_IBR_USED_TARGET_CORRECT_total_pct,        0.000

CF_IBR_USED_TARGET_INCORRECT_count,             0
CF_IBR_USED_TARGET_INCORRECT_pct,        0.000
CF_IBR_USED_TARGET_INCORRECT_total_count,             0
CF_IBR_USED_TARGET_INCORRECT_total_pct,        0.000

CF_ICALL_USED_TARGET_CORRECT_count,             4
CF_ICALL_USED_TARGET_CORRECT_pct,        0.001
CF_ICALL_USED_TARGET_CORRECT_total_count,             5
CF_ICALL_USED_TARGET_CORRECT_total_pct,        0.001

CF_ICALL_USED_TARGET_INCORRECT_count,             0
CF_ICALL_USED_TARGET_INCORRECT_pct,        0.000
CF_ICALL_USED_TARGET_INCORRECT_total_count,             1
CF_ICALL_USED_TARGET_INCORRECT_total_pct,        0.000

CF_ICO_USED_TARGET_CORRECT_count,             0
CF_ICO_USED_TARGET_CORRECT_pct,        0.000
CF_ICO_USED_TARGET_CORRECT_total_count,             0
CF_ICO_USED_TARGET_CORRECT_total_pct,        0.000

CF_ICO_USED_TARGET_INCORRECT_count,             0
CF_ICO_USED_TARGET_INCORRECT_pct,        0.000
CF_ICO_USED_TARGET_INCORRECT_total_count,             0
CF_ICO_USED_TARGET_INCORRECT_total_pct,        0.000

CF_RET_USED_TARGET_CORRECT_count,            16
CF_RET_USED_TARGET_CORRECT_pct,        0.005
CF_RET_USED_TARGET_CORRECT_total_count,            34
CF_RET_USED_TARGET_CORRECT_total_pct,        0.005

CF_RET_USED_TARGET_INCORRECT_count,             0
CF_RET_USED_TARGET_INCORRECT_pct,        0.000
CF_RET_USED_TARGET_INCORRECT_total_count,             2
CF_RET_USED_TARGET_INCORRECT_total_pct,        0.000

CF_DEFAULT_USED_TARGET_CORRECT_count,             0
CF_DEFAULT_USED_TARGET_CORRECT_pct,        0.000
CF_DEFAULT_USED_TARGET_CORRECT_total_count,             0
CF_DEFAULT_USED_TARGET_CORRECT_total_pct,        0.000

CF_DEFAULT_USED_TARGET_INCORRECT_count,             0
CF_DEFAULT_USED_TARGET_INCORRECT_pct,        0.000
CF_DEFAULT_USED_TARGET_INCORRECT_total_count,             0
CF_DEFAULT_USED_TARGET_INCORRECT_total_pct,        0.000
CF_DEFAULT_USED_TARGET_INCORRECT_sum_count,        321261
CF_DEFAULT_USED_TARGET_INCORRECT_sum_pct,      100.000
CF_DEFAULT_USED_TARGET_INCORRECT_sum_total_count,        646336
CF_DEFAULT_USED_TARGET_INCORRECT_sum_total_pct,      100.000
CF_DEFAULT_USED_TARGET_INCORRECT_mean,         1.73
CF_DEFAULT_USED_TARGET_INCORRECT_stddev,         0.35
CF_DEFAULT_USED_TARGET_INCORRECT_total_mean,         1.68
CF_DEFAULT_USED_TARGET_INCORRECT_total_stddev,         0.38

BTB_UPDATE_BTB_MISS_count,             0
BTB_UPDATE_BTB_MISS_pct,         -nan
BTB_UPDATE_BTB_MISS_total_count,           172
BTB_UPDATE_BTB_MISS_total_pct,      100.000

BTB_UPDATE_BTB_HIT_TAKEN_count,             0
BTB_UPDATE_BTB_HIT_TAKEN_pct,         -nan
BTB_UPDATE_BTB_HIT_TAKEN_total_count,             0
BTB_UPDATE_BTB_HIT_TAKEN_total_pct,        0.000
BTB_UPDATE_BTB_HIT_TAKEN_sum_count,             0
BTB_UPDATE_BTB_HIT_TAKEN_sum_pct,         -nan
BTB_UPDATE_BTB_HIT_TAKEN_sum_total_count,           172
BTB_UPDATE_BTB_HIT_TAKEN_sum_total_pct,      100.000
BTB_UPDATE_BTB_HIT_TAKEN_mean,         -nan
BTB_UPDATE_BTB_HIT_TAKEN_stddev,         -nan
BTB_UPDATE_BTB_HIT_TAKEN_total_mean,         0.00
BTB_UPDATE_BTB_HIT_TAKEN_total_stddev,         0.00

BTB_UPDATE_BTB_HIT_JITTED_NOT_CF_count,             0
BTB_UPDATE_BTB_HIT_JITTED_NOT_CF_pct,        0.000
BTB_UPDATE_BTB_HIT_JITTED_NOT_CF_total_count,             0
BTB_UPDATE_BTB_HIT_JITTED_NOT_CF_total_pct,        0.000

BTB_UPDATE_BTB_HIT_JITTED_CF_BR_count,             0
BTB_UPDATE_BTB_HIT_JITTED_CF_BR_pct,        0.000
BTB_UPDATE_BTB_HIT_JITTED_CF_BR_total_count,             0
BTB_UPDATE_BTB_HIT_JITTED_CF_BR_total_pct,        0.000

BTB_UPDATE_BTB_HIT_JITTED_CF_CBR_count,             0
BTB_UPDATE_BTB_HIT_JITTED_CF_CBR_pct,        0.000
BTB_UPDATE_BTB_HIT_JITTED_CF_CBR_total_count,             0
BTB_UPDATE_BTB_HIT_JITTED_CF_CBR_total_pct,        0.000

BTB_UPDATE_BTB_HIT_JITTED_CF_CALL_count,             0
BTB_UPDATE_BTB_HIT_JITTED_CF_CALL_pct,        0.000
BTB_UPDATE_BTB_HIT_JITTED_CF_CALL_total_count,             0
BTB_UPDATE_BTB_HIT_JITTED_CF_CALL_total_pct,        0.000

BTB_UPDATE_BTB_HIT_JITTED_CF_IBR_count,             0
BTB_UPDATE_BTB_HIT_JITTED_CF_IBR_pct,        0.000
BTB_UPDATE_BTB_HIT_JITTED_CF_IBR_total_count,             0
BTB_UPDATE_BTB_HIT_JITTED_CF_IBR_total_pct,        0.000

BTB_UPDATE_BTB_HIT_JITTED_CF_ICALL_count,             0
BTB_UPDATE_BTB_HIT_JITTED_CF_ICALL_pct,        0.000
BTB_UPDATE_BTB_HIT_JITTED_CF_ICALL_total_count,             0
BTB_UPDATE_BTB_HIT_JITTED_CF_ICALL_total_pct,        0.000

BTB_UPDATE_BTB_HIT_JITTED_CF_ICO_count,             0
BTB_UPDATE_BTB_HIT_JITTED_CF_ICO_pct,        0.000
BTB_UPDATE_BTB_HIT_JITTED_CF_ICO_total_count,             0
BTB_UPDATE_BTB_HIT_JITTED_CF_ICO_total_pct,        0.000

BTB_UPDATE_BTB_HIT_JITTED_CF_RET_count,             8
BTB_UPDATE_BTB_HIT_JITTED_CF_RET_pct,      100.000
BTB_UPDATE_BTB_HIT_JITTED_CF_RET_total_count,            23
BTB_UPDATE_BTB_HIT_JITTED_CF_RET_total_pct,      100.000
BTB_UPDATE_BTB_HIT_JITTED_CF_RET_sum_count,             8
BTB_UPDATE_BTB_HIT_JITTED_CF_RET_sum_pct,      100.000
BTB_UPDATE_BTB_HIT_JITTED_CF_RET_sum_total_count,            23
BTB_UPDATE_BTB_HIT_JITTED_CF_RET_sum_total_pct,      100.000
BTB_UPDATE_BTB_HIT_JITTED_CF_RET_mean,         7.00
BTB_UPDATE_BTB_HIT_JITTED_CF_RET_stddev,         7.48
BTB_UPDATE_BTB_HIT_JITTED_CF_RET_total_mean,         7.00
BTB_UPDATE_BTB_HIT_JITTED_CF_RET_total_stddev,         7.16

RESTEER_BTB_MISS_NOT_CF_count,             0
RESTEER_BTB_MISS_NOT_CF_pct,        0.000
RESTEER_BTB_MISS_NOT_CF_total_count,             0
RESTEER_BTB_MISS_NOT_CF_total_pct,        0.000

RESTEER_BTB_MISS_CF_BR_count,             0
RESTEER_BTB_MISS_CF_BR_pct,        0.000
RESTEER_BTB_MISS_CF_BR_total_count,             0
RESTEER_BTB_MISS_CF_BR_total_pct,        0.000

RESTEER_BTB_MISS_CF_CBR_count,             0
RESTEER_BTB_MISS_CF_CBR_pct,        0.000
RESTEER_BTB_MISS_CF_CBR_total_count,            32
RESTEER_BTB_MISS_CF_CBR_total_pct,        0.084

RESTEER_BTB_MISS_CF_CALL_count,             0
RESTEER_BTB_MISS_CF_CALL_pct,        0.000
RESTEER_BTB_MISS_CF_CALL_total_count,             0
RESTEER_BTB_MISS_CF_CALL_total_pct,        0.000

RESTEER_BTB_MISS_CF_IBR_count,             0
RESTEER_BTB_MISS_CF_IBR_pct,        0.000
RESTEER_BTB_MISS_CF_IBR_total_count,             9
RESTEER_BTB_MISS_CF_IBR_total_pct,        0.024

RESTEER_BTB_MISS_CF_ICALL_count,             0
RESTEER_BTB_MISS_CF_ICALL_pct,        0.000
RESTEER_BTB_MISS_CF_ICALL_total_count,             0
RESTEER_BTB_MISS_CF_ICALL_total_pct,        0.000

RESTEER_BTB_MISS_CF_ICO_count,             0
RESTEER_BTB_MISS_CF_ICO_pct,        0.000
RESTEER_BTB_MISS_CF_ICO_total_count,             0
RESTEER_BTB_MISS_CF_ICO_total_pct,        0.000

RESTEER_BTB_MISS_CF_RET_count,             0
RESTEER_BTB_MISS_CF_RET_pct,        0.000
RESTEER_BTB_MISS_CF_RET_total_count,             0
RESTEER_BTB_MISS_CF_RET_total_pct,        0.000

RESTEER_MISPRED_NOT_CF_count,             0
RESTEER_MISPRED_NOT_CF_pct,        0.000
RESTEER_MISPRED_NOT_CF_total_count,             0
RESTEER_MISPRED_NOT_CF_total_pct,        0.000

RESTEER_MISPRED_CF_BR_count,             0
RESTEER_MISPRED_CF_BR_pct,        0.000
RESTEER_MISPRED_CF_BR_total_count,             0
RESTEER_MISPRED_CF_BR_total_pct,        0.000

RESTEER_MISPRED_CF_CBR_count,         18075
RESTEER_MISPRED_CF_CBR_pct,      100.000
RESTEER_MISPRED_CF_CBR_total_count,         38198
RESTEER_MISPRED_CF_CBR_total_pct,       99.882

RESTEER_MISPRED_CF_CALL_count,             0
RESTEER_MISPRED_CF_CALL_pct,        0.000
RESTEER_MISPRED_CF_CALL_total_count,             0
RESTEER_MISPRED_CF_CALL_total_pct,        0.000

RESTEER_MISPRED_CF_IBR_count,             0
RESTEER_MISPRED_CF_IBR_pct,        0.000
RESTEER_MISPRED_CF_IBR_total_count,             0
RESTEER_MISPRED_CF_IBR_total_pct,        0.000

RESTEER_MISPRED_CF_ICALL_count,             0
RESTEER_MISPRED_CF_ICALL_pct,        0.000
RESTEER_MISPRED_CF_ICALL_total_count,             1
RESTEER_MISPRED_CF_ICALL_total_pct,        0.003

RESTEER_MISPRED_CF_ICO_count,             0
RESTEER_MISPRED_CF_ICO_pct,        0.000
RESTEER_MISPRED_CF_ICO_total_count,             0
RESTEER_MISPRED_CF_ICO_total_pct,        0.000

RESTEER_MISPRED_CF_RET_count,             0
RESTEER_MISPRED_CF_RET_pct,        0.000
RESTEER_MISPRED_CF_RET_total_count,             2
RESTEER_MISPRED_CF_RET_total_pct,        0.005

RESTEER_MISFETCH_NOT_CF_count,             0
RESTEER_MISFETCH_NOT_CF_pct,        0.000
RESTEER_MISFETCH_NOT_CF_total_count,             0
RESTEER_MISFETCH_NOT_CF_total_pct,        0.000

RESTEER_MISFETCH_CF_BR_count,             0
RESTEER_MISFETCH_CF_BR_pct,        0.000
RESTEER_MISFETCH_CF_BR_total_count,             0
RESTEER_MISFETCH_CF_BR_total_pct,        0.000

RESTEER_MISFETCH_CF_CBR_count,             0
RESTEER_MISFETCH_CF_CBR_pct,        0.000
RESTEER_MISFETCH_CF_CBR_total_count,             1
RESTEER_MISFETCH_CF_CBR_total_pct,        0.003

RESTEER_MISFETCH_CF_CALL_count,             0
RESTEER_MISFETCH_CF_CALL_pct,        0.000
RESTEER_MISFETCH_CF_CALL_total_count,             0
RESTEER_MISFETCH_CF_CALL_total_pct,        0.000

RESTEER_MISFETCH_CF_IBR_count,             0
RESTEER_MISFETCH_CF_IBR_pct,        0.000
RESTEER_MISFETCH_CF_IBR_total_count,             0
RESTEER_MISFETCH_CF_IBR_total_pct,        0.000

RESTEER_MISFETCH_CF_ICALL_count,             0
RESTEER_MISFETCH_CF_ICALL_pct,        0.000
RESTEER_MISFETCH_CF_ICALL_total_count,             0
RESTEER_MISFETCH_CF_ICALL_total_pct,        0.000

RESTEER_MISFETCH_CF_ICO_count,             0
RESTEER_MISFETCH_CF_ICO_pct,        0.000
RESTEER_MISFETCH_CF_ICO_total_count,             0
RESTEER_MISFETCH_CF_ICO_total_pct,        0.000

RESTEER_MISFETCH_CF_RET_count,             0
RESTEER_MISFETCH_CF_RET_pct,        0.000
RESTEER_MISFETCH_CF_RET_total_count,             0
RESTEER_MISFETCH_CF_RET_total_pct,        0.000

RESTEER_NO_TARGET_CF_IBR_count,             0
RESTEER_NO_TARGET_CF_IBR_pct,        0.000
RESTEER_NO_TARGET_CF_IBR_total_count,             0
RESTEER_NO_TARGET_CF_IBR_total_pct,        0.000

RESTEER_NO_TARGET_CF_ICALL_count,             0
RESTEER_NO_TARGET_CF_ICALL_pct,        0.000
RESTEER_NO_TARGET_CF_ICALL_total_count,             0
RESTEER_NO_TARGET_CF_ICALL_total_pct,        0.000

RESTEER_NO_TARGET_CF_ICO_count,             0
RESTEER_NO_TARGET_CF_ICO_pct,        0.000
RESTEER_NO_TARGET_CF_ICO_total_count,             0
RESTEER_NO_TARGET_CF_ICO_total_pct,        0.000

RESTEER_NO_TARGET_CF_RET_count,             0
RESTEER_NO_TARGET_CF_RET_pct,        0.000
RESTEER_NO_TARGET_CF_RET_total_count,             0
RESTEER_NO_TARGET_CF_RET_total_pct,        0.000
RESTEER_NO_TARGET_CF_RET_sum_count,         18075
RESTEER_NO_TARGET_CF_RET_sum_pct,      100.000
RESTEER_NO_TARGET_CF_RET_sum_total_count,         38243
RESTEER_NO_TARGET_CF_RET_sum_total_pct,      100.000
RESTEER_NO_TARGET_CF_RET_mean,        10.00
RESTEER_NO_TARGET_CF_RET_stddev,         0.00
RESTEER_NO_TARGET_CF_RET_total_mean,         9.99
RESTEER_NO_TARGET_CF_RET_total_stddev,         0.26

CBR_CORRECT_count,        356967
CBR_CORRECT_pct,       92.976
CBR_CORRECT_total_count,        743166
CBR_CORRECT_total_pct,       93.398

CBR_CORRECT_BTB_MISS_NT_NT_count,          8891
CBR_CORRECT_BTB_MISS_NT_NT_pct,        2.316
CBR_CORRECT_BTB_MISS_NT_NT_total_count,         14329
CBR_CORRECT_BTB_MISS_NT_NT_total_pct,        1.801

CBR_RECOVER_MISPREDICT_count,         18075
CBR_RECOVER_MISPREDICT_pct,        4.708
CBR_RECOVER_MISPREDICT_total_count,         38126
CBR_RECOVER_MISPREDICT_total_pct,        4.792

CBR_RECOVER_MISFETCH_count,             0
CBR_RECOVER_MISFETCH_pct,        0.000
CBR_RECOVER_MISFETCH_total_count,             0
CBR_RECOVER_MISFETCH_total_pct,        0.000

CBR_RECOVER_BTB_MISS_T_T_count,             0
CBR_RECOVER_BTB_MISS_T_T_pct,        0.000
CBR_RECOVER_BTB_MISS_T_T_total_count,             0
CBR_RECOVER_BTB_MISS_T_T_total_pct,        0.000

CBR_RECOVER_BTB_MISS_T_NT_count,             0
CBR_RECOVER_BTB_MISS_T_NT_pct,        0.000
CBR_RECOVER_BTB_MISS_T_NT_total_count,             1
CBR_RECOVER_BTB_MISS_T_NT_total_pct,        0.000

CBR_RECOVER_BTB_MISS_NT_T_count,             0
CBR_RECOVER_BTB_MISS_NT_T_pct,        0.000
CBR_RECOVER_BTB_MISS_NT_T_total_count,            72
CBR_RECOVER_BTB_MISS_NT_T_total_pct,        0.009
CBR_RECOVER_BTB_MISS_NT_T_sum_count,        383933
CBR_RECOVER_BTB_MISS_NT_T_sum_pct,      100.000
CBR_RECOVER_BTB_MISS_NT_T_sum_total_count,        795694
CBR_RECOVER_BTB_MISS_NT_T_sum_total_pct,      100.000
CBR_RECOVER_BTB_MISS_NT_T_mean,         0.12
CBR_RECOVER_BTB_MISS_NT_T_stddev,         0.43
CBR_RECOVER_BTB_MISS_NT_T_total_mean,         0.11
CBR_RECOVER_BTB_MISS_NT_T_total_stddev,         0.43

BR_CORRECT_count,         49471
BR_CORRECT_pct,      100.000
BR_CORRECT_total_count,        114093
BR_CORRECT_total_pct,       99.972

BR_RECOVER_count,             0
BR_RECOVER_pct,        0.000
BR_RECOVER_total_count,            32
BR_RECOVER_total_pct,        0.028
BR_RECOVER_sum_count,         49471
BR_RECOVER_sum_pct,      100.000
BR_RECOVER_sum_total_count,        114125
BR_RECOVER_sum_total_pct,      100.000
BR_RECOVER_mean,         0.00
BR_RECOVER_stddev,         0.00
BR_RECOVER_total_mean,         0.00
BR_RECOVER_total_stddev,         0.02

ICALL_CORRECT_IBTB_count,             2
ICALL_CORRECT_IBTB_pct,       50.000
ICALL_CORRECT_IBTB_total_count,             2
ICALL_CORRECT_IBTB_total_pct,       33.333

ICALL_CORRECT_BTB_count,             2
ICALL_CORRECT_BTB_pct,       50.000
ICALL_CORRECT_BTB_total_count,             3
ICALL_CORRECT_BTB_total_pct,       50.000

ICALL_RECOVER_IBTB_MISFETCH_count,             0
ICALL_RECOVER_IBTB_MISFETCH_pct,        0.000
ICALL_RECOVER_IBTB_MISFETCH_total_count,             0
ICALL_RECOVER_IBTB_MISFETCH_total_pct,        0.000

ICALL_RECOVER_BTB_MISFETCH_count,             0
ICALL_RECOVER_BTB_MISFETCH_pct,        0.000
ICALL_RECOVER_BTB_MISFETCH_total_count,             0
ICALL_RECOVER_BTB_MISFETCH_total_pct,        0.000

ICALL_RECOVER_XBTB_MISS_count,             0
ICALL_RECOVER_XBTB_MISS_pct,        0.000
ICALL_RECOVER_XBTB_MISS_total_count,             1
ICALL_RECOVER_XBTB_MISS_total_pct,       16.667
ICALL_RECOVER_XBTB_MISS_sum_count,             4
ICALL_RECOVER_XBTB_MISS_sum_pct,      100.000
ICALL_RECOVER_XBTB_MISS_sum_total_count,             6
ICALL_RECOVER_XBTB_MISS_sum_total_pct,      100.000
ICALL_RECOVER_XBTB_MISS_mean,         0.50
ICALL_RECOVER_XBTB_MISS_stddev,         0.41
ICALL_RECOVER_XBTB_MISS_total_mean,         1.17
ICALL_RECOVER_XBTB_MISS_total_stddev,         1.38

IBR_CORRECT_IBTB_count,             0
IBR_CORRECT_IBTB_pct,         -nan
IBR_CORRECT_IBTB_total_count,             0
IBR_CORRECT_IBTB_total_pct,         -nan

IBR_CORRECT_BTB_count,             0
IBR_CORRECT_BTB_pct,         -nan
IBR_CORRECT_BTB_total_count,             0
IBR_CORRECT_BTB_total_pct,         -nan

IBR_RECOVER_IBTB_MISFETCH_count,             0
IBR_RECOVER_IBTB_MISFETCH_pct,         -nan
IBR_RECOVER_IBTB_MISFETCH_total_count,             0
IBR_RECOVER_IBTB_MISFETCH_total_pct,         -nan

IBR_RECOVER_BTB_MISFETCH_count,             0
IBR_RECOVER_BTB_MISFETCH_pct,         -nan
IBR_RECOVER_BTB_MISFETCH_total_count,             0
IBR_RECOVER_BTB_MISFETCH_total_pct,         -nan

IBR_RECOVER_XBTB_MISS_count,             0
IBR_RECOVER_XBTB_MISS_pct,         -nan
IBR_RECOVER_XBTB_MISS_total_count,             0
IBR_RECOVER_XBTB_MISS_total_pct,         -nan
IBR_RECOVER_XBTB_MISS_sum_count,             0
IBR_RECOVER_XBTB_MISS_sum_pct,         -nan
IBR_RECOVER_XBTB_MISS_sum_total_count,             0
IBR_RECOVER_XBTB_MISS_sum_total_pct,         -nan
IBR_RECOVER_XBTB_MISS_mean,         -nan
IBR_RECOVER_XBTB_MISS_stddev,         -nan
IBR_RECOVER_XBTB_MISS_total_mean,         -nan
IBR_RECOVER_XBTB_MISS_total_stddev,         -nan

ICO_CORRECT_count,             0
ICO_CORRECT_pct,         -nan
ICO_CORRECT_total_count,             0
ICO_CORRECT_total_pct,         -nan

ICO_RECOVER_count,             0
ICO_RECOVER_pct,         -nan
ICO_RECOVER_total_count,             0
ICO_RECOVER_total_pct,         -nan
ICO_RECOVER_sum_count,             0
ICO_RECOVER_sum_pct,         -nan
ICO_RECOVER_sum_total_count,             0
ICO_RECOVER_sum_total_pct,         -nan
ICO_RECOVER_mean,         -nan
ICO_RECOVER_stddev,         -nan
ICO_RECOVER_total_mean,         -nan
ICO_RECOVER_total_stddev,         -nan

RET_CORRECT_count,            16
RET_CORRECT_pct,      100.000
RET_CORRECT_total_count,            34
RET_CORRECT_total_pct,       94.444

RET_RECOVER_count,             0
RET_RECOVER_pct,        0.000
RET_RECOVER_total_count,             0
RET_RECOVER_total_pct,        0.000

RET_RECOVER_UFLOW_count,             0
RET_RECOVER_UFLOW_pct,        0.000
RET_RECOVER_UFLOW_total_count,             2
RET_RECOVER_UFLOW_total_pct,        5.556
RET_RECOVER_UFLOW_sum_count,            16
RET_RECOVER_UFLOW_sum_pct,      100.000
RET_RECOVER_UFLOW_sum_total_count,            36
RET_RECOVER_UFLOW_sum_total_pct,      100.000
RET_RECOVER_UFLOW_mean,         0.00
RET_RECOVER_UFLOW_stddev,         0.00
RET_RECOVER_UFLOW_total_mean,         0.11
RET_RECOVER_UFLOW_total_stddev,         0.45

CALL_CORRECT_count,            12
CALL_CORRECT_pct,      100.000
CALL_CORRECT_total_count,            21
CALL_CORRECT_total_pct,       70.000

CALL_RECOVER_count,             0
CALL_RECOVER_pct,        0.000
CALL_RECOVER_total_count,             9
CALL_RECOVER_total_pct,       30.000
CALL_RECOVER_sum_count,            12
CALL_RECOVER_sum_pct,      100.000
CALL_RECOVER_sum_total_count,            30
CALL_RECOVER_sum_total_pct,      100.000
CALL_RECOVER_mean,         0.00
CALL_RECOVER_stddev,         0.00
CALL_RECOVER_total_mean,         0.30
CALL_RECOVER_total_stddev,         0.42

BTB_CORRECT_count,        424529
BTB_CORRECT_pct,       97.949
BTB_CORRECT_total_count,        895411
BTB_CORRECT_total_pct,       98.412

BTB_INCORRECT_BUT_TARGET_CORRECT_count,             0
BTB_INCORRECT_BUT_TARGET_CORRECT_pct,        0.000
BTB_INCORRECT_BUT_TARGET_CORRECT_total_count,             0
BTB_INCORRECT_BUT_TARGET_CORRECT_total_pct,        0.000

BTB_INCORRECT_count,          8891
BTB_INCORRECT_pct,        2.051
BTB_INCORRECT_total_count,         14444
BTB_INCORRECT_total_pct,        1.588
BTB_INCORRECT_sum_count,        433420
BTB_INCORRECT_sum_pct,      100.000
BTB_INCORRECT_sum_total_count,        909855
BTB_INCORRECT_sum_total_pct,      100.000
BTB_INCORRECT_mean,         0.04
BTB_INCORRECT_stddev,         0.28
BTB_INCORRECT_total_mean,         0.03
BTB_INCORRECT_total_stddev,         0.25

IBTB_CORRECT_count,             2
IBTB_CORRECT_pct,       50.000
IBTB_CORRECT_total_count,             2
IBTB_CORRECT_total_pct,       33.333

IBTB_INCORRECT_count,             2
IBTB_INCORRECT_pct,       50.000
IBTB_INCORRECT_total_count,             4
IBTB_INCORRECT_total_pct,       66.667
IBTB_INCORRECT_sum_count,             4
IBTB_INCORRECT_sum_pct,      100.000
IBTB_INCORRECT_sum_total_count,             6
IBTB_INCORRECT_sum_total_pct,      100.000
IBTB_INCORRECT_mean,         0.50
IBTB_INCORRECT_stddev,         0.58
IBTB_INCORRECT_total_mean,         0.67
IBTB_INCORRECT_total_stddev,         0.67

CBR_CORRECT_OFF_PATH_count,        521553
CBR_CORRECT_OFF_PATH_pct,       96.064
CBR_CORRECT_OFF_PATH_total_count,       1120245
CBR_CORRECT_OFF_PATH_total_pct,       96.594

CBR_CORRECT_BTB_MISS_NT_NT_OFF_PATH_count,         21371
CBR_CORRECT_BTB_MISS_NT_NT_OFF_PATH_pct,        3.936
CBR_CORRECT_BTB_MISS_NT_NT_OFF_PATH_total_count,         39368
CBR_CORRECT_BTB_MISS_NT_NT_OFF_PATH_total_pct,        3.395

CBR_RECOVER_MISPREDICT_OFF_PATH_count,             0
CBR_RECOVER_MISPREDICT_OFF_PATH_pct,        0.000
CBR_RECOVER_MISPREDICT_OFF_PATH_total_count,             0
CBR_RECOVER_MISPREDICT_OFF_PATH_total_pct,        0.000

CBR_RECOVER_MISFETCH_OFF_PATH_count,             0
CBR_RECOVER_MISFETCH_OFF_PATH_pct,        0.000
CBR_RECOVER_MISFETCH_OFF_PATH_total_count,             0
CBR_RECOVER_MISFETCH_OFF_PATH_total_pct,        0.000

CBR_RECOVER_BTB_MISS_T_T_OFF_PATH_count,             0
CBR_RECOVER_BTB_MISS_T_T_OFF_PATH_pct,        0.000
CBR_RECOVER_BTB_MISS_T_T_OFF_PATH_total_count,           130
CBR_RECOVER_BTB_MISS_T_T_OFF_PATH_total_pct,        0.011

CBR_RECOVER_BTB_MISS_T_NT_OFF_PATH_count,             0
CBR_RECOVER_BTB_MISS_T_NT_OFF_PATH_pct,        0.000
CBR_RECOVER_BTB_MISS_T_NT_OFF_PATH_total_count,             0
CBR_RECOVER_BTB_MISS_T_NT_OFF_PATH_total_pct,        0.000

CBR_RECOVER_BTB_MISS_NT_T_OFF_PATH_count,             0
CBR_RECOVER_BTB_MISS_NT_T_OFF_PATH_pct,        0.000
CBR_RECOVER_BTB_MISS_NT_T_OFF_PATH_total_count,             0
CBR_RECOVER_BTB_MISS_NT_T_OFF_PATH_total_pct,        0.000
CBR_RECOVER_BTB_MISS_NT_T_OFF_PATH_sum_count,        542924
CBR_RECOVER_BTB_MISS_NT_T_OFF_PATH_sum_pct,      100.000
CBR_RECOVER_BTB_MISS_NT_T_OFF_PATH_sum_total_count,       1159743
CBR_RECOVER_BTB_MISS_NT_T_OFF_PATH_sum_total_pct,      100.000
CBR_RECOVER_BTB_MISS_NT_T_OFF_PATH_mean,         0.04
CBR_RECOVER_BTB_MISS_NT_T_OFF_PATH_stddev,         0.19
CBR_RECOVER_BTB_MISS_NT_T_OFF_PATH_total_mean,         0.03
CBR_RECOVER_BTB_MISS_NT_T_OFF_PATH_total_stddev,         0.18

BR_CORRECT_OFF_PATH_count,        113106
BR_CORRECT_OFF_PATH_pct,      100.000
BR_CORRECT_OFF_PATH_total_count,        234708
BR_CORRECT_OFF_PATH_total_pct,       99.994

BR_RECOVER_OFF_PATH_count,             0
BR_RECOVER_OFF_PATH_pct,        0.000
BR_RECOVER_OFF_PATH_total_count,            14
BR_RECOVER_OFF_PATH_total_pct,        0.006
BR_RECOVER_OFF_PATH_sum_count,        113106
BR_RECOVER_OFF_PATH_sum_pct,      100.000
BR_RECOVER_OFF_PATH_sum_total_count,        234722
BR_RECOVER_OFF_PATH_sum_total_pct,      100.000
BR_RECOVER_OFF_PATH_mean,         0.00
BR_RECOVER_OFF_PATH_stddev,         0.00
BR_RECOVER_OFF_PATH_total_mean,         0.00
BR_RECOVER_OFF_PATH_total_stddev,         0.01

ICALL_CORRECT_IBTB_OFF_PATH_count,             3
ICALL_CORRECT_IBTB_OFF_PATH_pct,       30.000
ICALL_CORRECT_IBTB_OFF_PATH_total_count,             5
ICALL_CORRECT_IBTB_OFF_PATH_total_pct,       22.727

ICALL_CORRECT_BTB_OFF_PATH_count,             7
ICALL_CORRECT_BTB_OFF_PATH_pct,       70.000
ICALL_CORRECT_BTB_OFF_PATH_total_count,            13
ICALL_CORRECT_BTB_OFF_PATH_total_pct,       59.091

ICALL_RECOVER_IBTB_MISFETCH_OFF_PATH_count,             0
ICALL_RECOVER_IBTB_MISFETCH_OFF_PATH_pct,        0.000
ICALL_RECOVER_IBTB_MISFETCH_OFF_PATH_total_count,             0
ICALL_RECOVER_IBTB_MISFETCH_OFF_PATH_total_pct,        0.000

ICALL_RECOVER_BTB_MISFETCH_OFF_PATH_count,             0
ICALL_RECOVER_BTB_MISFETCH_OFF_PATH_pct,        0.000
ICALL_RECOVER_BTB_MISFETCH_OFF_PATH_total_count,             0
ICALL_RECOVER_BTB_MISFETCH_OFF_PATH_total_pct,        0.000

ICALL_RECOVER_XBTB_MISS_OFF_PATH_count,             0
ICALL_RECOVER_XBTB_MISS_OFF_PATH_pct,        0.000
ICALL_RECOVER_XBTB_MISS_OFF_PATH_total_count,             4
ICALL_RECOVER_XBTB_MISS_OFF_PATH_total_pct,       18.182
ICALL_RECOVER_XBTB_MISS_OFF_PATH_sum_count,            10
ICALL_RECOVER_XBTB_MISS_OFF_PATH_sum_pct,      100.000
ICALL_RECOVER_XBTB_MISS_OFF_PATH_sum_total_count,            22
ICALL_RECOVER_XBTB_MISS_OFF_PATH_sum_total_pct,      100.000
ICALL_RECOVER_XBTB_MISS_OFF_PATH_mean,         0.70
ICALL_RECOVER_XBTB_MISS_OFF_PATH_stddev,         0.26
ICALL_RECOVER_XBTB_MISS_OFF_PATH_total_mean,         1.32
ICALL_RECOVER_XBTB_MISS_OFF_PATH_total_stddev,         1.33

IBR_CORRECT_IBTB_OFF_PATH_count,             0
IBR_CORRECT_IBTB_OFF_PATH_pct,         -nan
IBR_CORRECT_IBTB_OFF_PATH_total_count,             0
IBR_CORRECT_IBTB_OFF_PATH_total_pct,         -nan

IBR_CORRECT_BTB_OFF_PATH_count,             0
IBR_CORRECT_BTB_OFF_PATH_pct,         -nan
IBR_CORRECT_BTB_OFF_PATH_total_count,             0
IBR_CORRECT_BTB_OFF_PATH_total_pct,         -nan

IBR_RECOVER_IBTB_MISFETCH_OFF_PATH_count,             0
IBR_RECOVER_IBTB_MISFETCH_OFF_PATH_pct,         -nan
IBR_RECOVER_IBTB_MISFETCH_OFF_PATH_total_count,             0
IBR_RECOVER_IBTB_MISFETCH_OFF_PATH_total_pct,         -nan

IBR_RECOVER_BTB_MISFETCH_OFF_PATH_count,             0
IBR_RECOVER_BTB_MISFETCH_OFF_PATH_pct,         -nan
IBR_RECOVER_BTB_MISFETCH_OFF_PATH_total_count,             0
IBR_RECOVER_BTB_MISFETCH_OFF_PATH_total_pct,         -nan

IBR_RECOVER_XBTB_MISS_OFF_PATH_count,             0
IBR_RECOVER_XBTB_MISS_OFF_PATH_pct,         -nan
IBR_RECOVER_XBTB_MISS_OFF_PATH_total_count,             0
IBR_RECOVER_XBTB_MISS_OFF_PATH_total_pct,         -nan
IBR_RECOVER_XBTB_MISS_OFF_PATH_sum_count,             0
IBR_RECOVER_XBTB_MISS_OFF_PATH_sum_pct,         -nan
IBR_RECOVER_XBTB_MISS_OFF_PATH_sum_total_count,             0
IBR_RECOVER_XBTB_MISS_OFF_PATH_sum_total_pct,         -nan
IBR_RECOVER_XBTB_MISS_OFF_PATH_mean,         -nan
IBR_RECOVER_XBTB_MISS_OFF_PATH_stddev,         -nan
IBR_RECOVER_XBTB_MISS_OFF_PATH_total_mean,         -nan
IBR_RECOVER_XBTB_MISS_OFF_PATH_total_stddev,         -nan

ICO_CORRECT_OFF_PATH_count,             0
ICO_CORRECT_OFF_PATH_pct,         -nan
ICO_CORRECT_OFF_PATH_total_count,             0
ICO_CORRECT_OFF_PATH_total_pct,         -nan

ICO_RECOVER_OFF_PATH_count,             0
ICO_RECOVER_OFF_PATH_pct,         -nan
ICO_RECOVER_OFF_PATH_total_count,             0
ICO_RECOVER_OFF_PATH_total_pct,         -nan
ICO_RECOVER_OFF_PATH_sum_count,             0
ICO_RECOVER_OFF_PATH_sum_pct,         -nan
ICO_RECOVER_OFF_PATH_sum_total_count,             0
ICO_RECOVER_OFF_PATH_sum_total_pct,         -nan
ICO_RECOVER_OFF_PATH_mean,         -nan
ICO_RECOVER_OFF_PATH_stddev,         -nan
ICO_RECOVER_OFF_PATH_total_mean,         -nan
ICO_RECOVER_OFF_PATH_total_stddev,         -nan

RET_CORRECT_OFF_PATH_count,            50
RET_CORRECT_OFF_PATH_pct,       52.632
RET_CORRECT_OFF_PATH_total_count,           109
RET_CORRECT_OFF_PATH_total_pct,       42.913

RET_RECOVER_OFF_PATH_count,            45
RET_RECOVER_OFF_PATH_pct,       47.368
RET_RECOVER_OFF_PATH_total_count,            85
RET_RECOVER_OFF_PATH_total_pct,       33.465

RET_RECOVER_UFLOW_OFF_PATH_count,             0
RET_RECOVER_UFLOW_OFF_PATH_pct,        0.000
RET_RECOVER_UFLOW_OFF_PATH_total_count,            60
RET_RECOVER_UFLOW_OFF_PATH_total_pct,       23.622
RET_RECOVER_UFLOW_OFF_PATH_sum_count,            95
RET_RECOVER_UFLOW_OFF_PATH_sum_pct,      100.000
RET_RECOVER_UFLOW_OFF_PATH_sum_total_count,           254
RET_RECOVER_UFLOW_OFF_PATH_sum_total_pct,      100.000
RET_RECOVER_UFLOW_OFF_PATH_mean,         0.47
RET_RECOVER_UFLOW_OFF_PATH_stddev,         0.36
RET_RECOVER_UFLOW_OFF_PATH_total_mean,         0.81
RET_RECOVER_UFLOW_OFF_PATH_total_stddev,         0.71

CALL_CORRECT_OFF_PATH_count,            74
CALL_CORRECT_OFF_PATH_pct,      100.000
CALL_CORRECT_OFF_PATH_total_count,           149
CALL_CORRECT_OFF_PATH_total_pct,       90.854

CALL_RECOVER_OFF_PATH_count,             0
CALL_RECOVER_OFF_PATH_pct,        0.000
CALL_RECOVER_OFF_PATH_total_count,            15
CALL_RECOVER_OFF_PATH_total_pct,        9.146
CALL_RECOVER_OFF_PATH_sum_count,            74
CALL_RECOVER_OFF_PATH_sum_pct,      100.000
CALL_RECOVER_OFF_PATH_sum_total_count,           164
CALL_RECOVER_OFF_PATH_sum_total_pct,      100.000
CALL_RECOVER_OFF_PATH_mean,         0.00
CALL_RECOVER_OFF_PATH_stddev,         0.00
CALL_RECOVER_OFF_PATH_total_mean,         0.09
CALL_RECOVER_OFF_PATH_total_stddev,         0.28

BTB_CORRECT_OFF_PATH_count,        634743
BTB_CORRECT_OFF_PATH_pct,       96.743
BTB_CORRECT_OFF_PATH_total_count,       1355120
BTB_CORRECT_OFF_PATH_total_pct,       97.166

BTB_INCORRECT_BUT_TARGET_CORRECT_OFF_PATH_count,             0
BTB_INCORRECT_BUT_TARGET_CORRECT_OFF_PATH_pct,        0.000
BTB_INCORRECT_BUT_TARGET_CORRECT_OFF_PATH_total_count,             0
BTB_INCORRECT_BUT_TARGET_CORRECT_OFF_PATH_total_pct,        0.000

BTB_INCORRECT_OFF_PATH_count,         21371
BTB_INCORRECT_OFF_PATH_pct,        3.257
BTB_INCORRECT_OFF_PATH_total_count,         39531
BTB_INCORRECT_OFF_PATH_total_pct,        2.834
BTB_INCORRECT_OFF_PATH_sum_count,        656114
BTB_INCORRECT_OFF_PATH_sum_pct,      100.000
BTB_INCORRECT_OFF_PATH_sum_total_count,       1394651
BTB_INCORRECT_OFF_PATH_sum_total_pct,      100.000
BTB_INCORRECT_OFF_PATH_mean,         0.07
BTB_INCORRECT_OFF_PATH_stddev,         0.35
BTB_INCORRECT_OFF_PATH_total_mean,         0.06
BTB_INCORRECT_OFF_PATH_total_stddev,         0.33

IBTB_CORRECT_OFF_PATH_count,             3
IBTB_CORRECT_OFF_PATH_pct,       30.000
IBTB_CORRECT_OFF_PATH_total_count,             5
IBTB_CORRECT_OFF_PATH_total_pct,       22.727

IBTB_INCORRECT_OFF_PATH_count,             7
IBTB_INCORRECT_OFF_PATH_pct,       70.000
IBTB_INCORRECT_OFF_PATH_total_count,            17
IBTB_INCORRECT_OFF_PATH_total_pct,       77.273
IBTB_INCORRECT_OFF_PATH_sum_count,            10
IBTB_INCORRECT_OFF_PATH_sum_pct,      100.000
IBTB_INCORRECT_OFF_PATH_sum_total_count,            22
IBTB_INCORRECT_OFF_PATH_sum_total_pct,      100.000
IBTB_INCORRECT_OFF_PATH_mean,         0.70
IBTB_INCORRECT_OFF_PATH_stddev,         0.67
IBTB_INCORRECT_OFF_PATH_total_mean,         0.77
IBTB_INCORRECT_OFF_PATH_total_stddev,         0.72

BP_EXEC_RECOVERIES_count,         18075
BP_EXEC_RECOVERIES_pct,      100.000
BP_EXEC_RECOVERIES_total_count,         38202
BP_EXEC_RECOVERIES_total_pct,       99.893

BP_DECODE_RECOVERIES_count,             0
BP_DECODE_RECOVERIES_pct,        0.000
BP_DECODE_RECOVERIES_total_count,            41
BP_DECODE_RECOVERIES_total_pct,        0.107
BP_DECODE_RECOVERIES_sum_count,         18075
BP_DECODE_RECOVERIES_sum_pct,      100.000
BP_DECODE_RECOVERIES_sum_total_count,         38243
BP_DECODE_RECOVERIES_sum_total_pct,      100.000
BP_DECODE_RECOVERIES_mean,         0.00
BP_DECODE_RECOVERIES_stddev,         0.00
BP_DECODE_RECOVERIES_total_mean,         0.00
BP_DECODE_RECOVERIES_total_stddev,         0.03

SCHEDULED_EXEC_RECOVERIES_count,         18075
SCHEDULED_EXEC_RECOVERIES_pct,      100.000
SCHEDULED_EXEC_RECOVERIES_total_count,         38202
SCHEDULED_EXEC_RECOVERIES_total_pct,       99.893

SCHEDULED_DECODE_RECOVERIES_count,             0
SCHEDULED_DECODE_RECOVERIES_pct,        0.000
SCHEDULED_DECODE_RECOVERIES_total_count,            41
SCHEDULED_DECODE_RECOVERIES_total_pct,        0.107
SCHEDULED_DECODE_RECOVERIES_sum_count,         18075
SCHEDULED_DECODE_RECOVERIES_sum_pct,      100.000
SCHEDULED_DECODE_RECOVERIES_sum_total_count,         38243
SCHEDULED_DECODE_RECOVERIES_sum_total_pct,      100.000
SCHEDULED_DECODE_RECOVERIES_mean,         0.00
SCHEDULED_DECODE_RECOVERIES_stddev,         0.00
SCHEDULED_DECODE_RECOVERIES_total_mean,         0.00
SCHEDULED_DECODE_RECOVERIES_total_stddev,         0.03

PERFORMED_EXEC_RECOVERIES_count,         18075
PERFORMED_EXEC_RECOVERIES_pct,      100.000
PERFORMED_EXEC_RECOVERIES_total_count,         38243
PERFORMED_EXEC_RECOVERIES_total_pct,      100.000

PERFORMED_DECODE_RECOVERIES_count,             0
PERFORMED_DECODE_RECOVERIES_pct,        0.000
PERFORMED_DECODE_RECOVERIES_total_count,             0
PERFORMED_DECODE_RECOVERIES_total_pct,        0.000
PERFORMED_DECODE_RECOVERIES_sum_count,         18075
PERFORMED_DECODE_RECOVERIES_sum_pct,      100.000
PERFORMED_DECODE_RECOVERIES_sum_total_count,         38243
PERFORMED_DECODE_RECOVERIES_sum_total_pct,      100.000
PERFORMED_DECODE_RECOVERIES_mean,         0.00
PERFORMED_DECODE_RECOVERIES_stddev,         0.00
PERFORMED_DECODE_RECOVERIES_total_mean,         0.00
PERFORMED_DECODE_RECOVERIES_total_stddev,         0.00

PERFORMED_RECOVERY_LAT_count,        951291
PERFORMED_RECOVERY_LAT_total_count,       2006893

SCHEDULED_DECODE_LAT_count,             0
SCHEDULED_DECODE_LAT_total_count,           850

SCHEDULED_EXEC_LAT_count,        915141
SCHEDULED_EXEC_LAT_total_count,       1929598



